#         tranbounds      trancounts        reflbounds        relfcounts
        0.0006816651        0.9336363636        0.2472021510        0.0000000000
        0.0020451952        0.0163636364        0.2542466530        0.0000000000
        0.0034087253        0.0100000000        0.2612911550        0.0000000000
        0.0047722554        0.0109090909        0.2683356570        0.0000000000
        0.0061357856        0.0036363636        0.2753801590        0.0000000000
        0.0074993157        0.0036363636        0.2824246610        0.0000000000
        0.0088628458        0.0018181818        0.2894691630        0.0000000000
        0.0102263759        0.0009090909        0.2965136650        0.0000000000
        0.0115899061        0.0027272727        0.3035581670        0.0000000000
        0.0129534362        0.0009090909        0.3106026690        0.0000000000
        0.0143169663        0.0018181818        0.3176471710        0.0045454545
        0.0156804964        0.0000000000        0.3246916730        0.0063636364
        0.0170440266        0.0000000000        0.3317361750        0.0181818182
        0.0184075567        0.0000000000        0.3387806770        0.0218181818
        0.0197710868        0.0000000000        0.3458251790        0.0300000000
        0.0211346169        0.0009090909        0.3528696810        0.0454545455
        0.0224981471        0.0000000000        0.3599141830        0.0427272727
        0.0238616772        0.0000000000        0.3669586850        0.0518181818
        0.0252252073        0.0000000000        0.3740031870        0.0481818182
        0.0265887374        0.0018181818        0.3810476890        0.0454545455
        0.0279522676        0.0000000000        0.3880921910        0.0372727273
        0.0293157977        0.0000000000        0.3951366930        0.0536363636
        0.0306793278        0.0000000000        0.4021811950        0.0436363636
        0.0320428579        0.0009090909        0.4092256970        0.0227272727
        0.0334063881        0.0000000000        0.4162701990        0.0254545455
        0.0347699182        0.0018181818        0.4233147010        0.0245454545
        0.0361334483        0.0000000000        0.4303592030        0.0336363636
        0.0374969784        0.0018181818        0.4374037050        0.0272727273
        0.0388605086        0.0000000000        0.4444482070        0.0272727273
        0.0402240387        0.0009090909        0.4514927090        0.0254545455
        0.0415875688        0.0000000000        0.4585372110        0.0272727273
        0.0429510989        0.0000000000        0.4655817130        0.0163636364
        0.0443146291        0.0000000000        0.4726262150        0.0145454545
        0.0456781592        0.0000000000        0.4796707170        0.0118181818
        0.0470416893        0.0000000000        0.4867152190        0.0172727273
        0.0484052194        0.0009090909        0.4937597210        0.0145454545
        0.0497687496        0.0000000000        0.5008042230        0.0154545455
        0.0511322797        0.0000000000        0.5078487250        0.0109090909
        0.0524958098        0.0000000000        0.5148932270        0.0090909091
        0.0538593399        0.0009090909        0.5219377290        0.0081818182
        0.0552228701        0.0000000000        0.5289822310        0.0072727273
        0.0565864002        0.0000000000        0.5360267330        0.0072727273
        0.0579499303        0.0000000000        0.5430712350        0.0081818182
        0.0593134604        0.0000000000        0.5501157370        0.0045454545
        0.0606769906        0.0000000000        0.5571602390        0.0045454545
        0.0620405207        0.0000000000        0.5642047410        0.0054545455
        0.0634040508        0.0000000000        0.5712492430        0.0045454545
        0.0647675809        0.0009090909        0.5782937450        0.0054545455
        0.0661311111        0.0000000000        0.5853382470        0.0036363636
        0.0674946412        0.0000000000        0.5923827490        0.0054545455
        0.0688581713        0.0000000000        0.5994272510        0.0036363636
        0.0702217014        0.0000000000        0.6064717530        0.0036363636
        0.0715852316        0.0000000000        0.6135162550        0.0036363636
        0.0729487617        0.0000000000        0.6205607570        0.0054545455
        0.0743122918        0.0000000000        0.6276052590        0.0072727273
        0.0756758219        0.0000000000        0.6346497610        0.0109090909
        0.0770393521        0.0000000000        0.6416942630        0.0027272727
        0.0784028822        0.0000000000        0.6487387650        0.0063636364
        0.0797664123        0.0000000000        0.6557832670        0.0090909091
        0.0811299424        0.0009090909        0.6628277690        0.0045454545
        0.0824934726        0.0000000000        0.6698722710        0.0063636364
        0.0838570027        0.0000000000        0.6769167730        0.0045454545
        0.0852205328        0.0000000000        0.6839612750        0.0072727273
        0.0865840629        0.0000000000        0.6910057770        0.0027272727
        0.0879475931        0.0000000000        0.6980502790        0.0054545455
        0.0893111232        0.0000000000        0.7050947810        0.0027272727
        0.0906746533        0.0000000000        0.7121392830        0.0072727273
        0.0920381834        0.0000000000        0.7191837850        0.0036363636
        0.0934017136        0.0000000000        0.7262282870        0.0054545455
        0.0947652437        0.0000000000        0.7332727890        0.0054545455
        0.0961287738        0.0000000000        0.7403172910        0.0072727273
        0.0974923039        0.0000000000        0.7473617930        0.0063636364
        0.0988558341        0.0000000000        0.7544062950        0.0045454545
        0.1002193642        0.0000000000        0.7614507970        0.0045454545
        0.1015828943        0.0000000000        0.7684952990        0.0009090909
        0.1029464244        0.0000000000        0.7755398010        0.0054545455
        0.1043099546        0.0000000000        0.7825843030        0.0018181818
        0.1056734847        0.0000000000        0.7896288050        0.0027272727
        0.1070370148        0.0000000000        0.7966733070        0.0027272727
        0.1084005449        0.0000000000        0.8037178090        0.0018181818
        0.1097640751        0.0000000000        0.8107623110        0.0063636364
        0.1111276052        0.0000000000        0.8178068130        0.0027272727
        0.1124911353        0.0000000000        0.8248513150        0.0000000000
        0.1138546654        0.0000000000        0.8318958170        0.0000000000
        0.1152181956        0.0000000000        0.8389403190        0.0009090909
        0.1165817257        0.0000000000        0.8459848210        0.0018181818
        0.1179452558        0.0009090909        0.8530293230        0.0000000000
        0.1193087859        0.0000000000        0.8600738250        0.0036363636
        0.1206723161        0.0009090909        0.8671183270        0.0000000000
        0.1220358462        0.0000000000        0.8741628290        0.0009090909
        0.1233993763        0.0000000000        0.8812073310        0.0000000000
        0.1247629064        0.0000000000        0.8882518330        0.0000000000
        0.1261264366        0.0000000000        0.8952963350        0.0000000000
        0.1274899667        0.0000000000        0.9023408370        0.0000000000
        0.1288534968        0.0000000000        0.9093853390        0.0000000000
        0.1302170269        0.0000000000        0.9164298410        0.0000000000
        0.1315805571        0.0000000000        0.9234743430        0.0000000000
        0.1329440872        0.0000000000        0.9305188450        0.0000000000
        0.1343076173        0.0000000000        0.9375633470        0.0000000000
        0.1356711474        0.0000000000        0.9446078490        0.0000000000
