#    slicenum    sliceval      CoEff    1     CoEff    2     CoEff    3     CoEff    4     CoEff    5     CoEff    6     CoEff    7     CoEff    8     CoEff    9     CoEff   10     CoEff   11     CoEff   12     CoEff   13     CoEff   14     CoEff   15     CoEff   16     CoEff   17     CoEff   18     CoEff   19     CoEff   20     CoEff   21     CoEff   22     CoEff   23     CoEff   24     CoEff   25
         1       0.001250       0.031033       0.044665       0.049831       0.052372       0.053857       0.054825       0.055503       0.056004       0.056388       0.056693       0.056940       0.057144       0.057315       0.057461       0.057587       0.057696       0.057792       0.057877       0.057953       0.058020       0.058081       0.058136       0.058186       0.058232       0.058274
         2       0.003750       0.031354       0.045118       0.050327       0.052883       0.054371       0.055336       0.056009       0.056503       0.056880       0.057175       0.057413       0.057607       0.057768       0.057903       0.058018       0.058117       0.058202       0.058276       0.058341       0.058398       0.058448       0.058493       0.058532       0.058567       0.058599
         3       0.006250       0.031673       0.045562       0.050801       0.053360       0.054840       0.055791       0.056447       0.056922       0.057279       0.057554       0.057770       0.057944       0.058084       0.058199       0.058293       0.058372       0.058437       0.058492       0.058538       0.058576       0.058608       0.058635       0.058657       0.058676       0.058691
         4       0.008750       0.031992       0.045995       0.051254       0.053804       0.055263       0.056188       0.056816       0.057261       0.057588       0.057833       0.058020       0.058164       0.058275       0.058363       0.058431       0.058484       0.058526       0.058557       0.058582       0.058600       0.058614       0.058624       0.058631       0.058635       0.058638
         5       0.011250       0.032308       0.046418       0.051686       0.054214       0.055641       0.056530       0.057119       0.057525       0.057813       0.058020       0.058171       0.058281       0.058360       0.058418       0.058459       0.058487       0.058506       0.058518       0.058526       0.058530       0.058532       0.058532       0.058532       0.058532       0.058533
         6       0.013750       0.032624       0.046830       0.052095       0.054591       0.055975       0.056817       0.057358       0.057717       0.057960       0.058126       0.058238       0.058312       0.058361       0.058391       0.058409       0.058418       0.058423       0.058424       0.058424       0.058424       0.058425       0.058428       0.058433       0.058440       0.058450
         7       0.016250       0.032938       0.047231       0.052482       0.054934       0.056265       0.057050       0.057537       0.057844       0.058039       0.058162       0.058236       0.058279       0.058302       0.058312       0.058315       0.058316       0.058316       0.058318       0.058322       0.058331       0.058343       0.058358       0.058378       0.058400       0.058425
         8       0.018750       0.033251       0.047622       0.052847       0.055245       0.056512       0.057234       0.057660       0.057913       0.058060       0.058142       0.058183       0.058201       0.058207       0.058208       0.058208       0.058211       0.058220       0.058234       0.058253       0.058279       0.058309       0.058343       0.058380       0.058418       0.058457
         9       0.021250       0.033563       0.048001       0.053189       0.055522       0.056718       0.057371       0.057733       0.057931       0.058033       0.058080       0.058097       0.058100       0.058100       0.058103       0.058112       0.058130       0.058156       0.058190       0.058231       0.058277       0.058325       0.058375       0.058424       0.058471       0.058514
        10       0.023750       0.033872       0.048369       0.053509       0.055767       0.056885       0.057464       0.057762       0.057907       0.057970       0.057990       0.057993       0.057993       0.058000       0.058017       0.058045       0.058085       0.058135       0.058192       0.058253       0.058315       0.058375       0.058432       0.058482       0.058526       0.058561
        11       0.026250       0.034181       0.048726       0.053807       0.055981       0.057014       0.057517       0.057752       0.057850       0.057881       0.057886       0.057886       0.057896       0.057920       0.057960       0.058015       0.058081       0.058154       0.058229       0.058303       0.058372       0.058433       0.058484       0.058525       0.058555       0.058576
        12       0.028750       0.034487       0.049072       0.054083       0.056165       0.057108       0.057534       0.057711       0.057769       0.057779       0.057779       0.057790       0.057819       0.057870       0.057939       0.058021       0.058110       0.058200       0.058286       0.058362       0.058426       0.058476       0.058512       0.058536       0.058550       0.058556
        13       0.031250       0.034792       0.049405       0.054337       0.056319       0.057169       0.057521       0.057644       0.057672       0.057672       0.057680       0.057712       0.057770       0.057852       0.057950       0.058057       0.058162       0.058259       0.058342       0.058408       0.058457       0.058489       0.058507       0.058515       0.058517       0.058517
        14       0.033750       0.035095       0.049728       0.054569       0.056445       0.057201       0.057480       0.057558       0.057566       0.057569       0.057597       0.057658       0.057751       0.057865       0.057988       0.058110       0.058221       0.058313       0.058383       0.058430       0.058459       0.058472       0.058477       0.058477       0.058478       0.058483
        15       0.036250       0.035397       0.050038       0.054780       0.056544       0.057205       0.057418       0.057460       0.057460       0.057478       0.057535       0.057632       0.057760       0.057902       0.058043       0.058169       0.058273       0.058349       0.058398       0.058424       0.058435       0.058436       0.058437       0.058441       0.058452       0.058472
        16       0.038750       0.035696       0.050336       0.054970       0.056618       0.057186       0.057339       0.057355       0.057359       0.057403       0.057497       0.057633       0.057793       0.057955       0.058102       0.058221       0.058307       0.058360       0.058386       0.058395       0.058396       0.058397       0.058405       0.058423       0.058451       0.058486
        17       0.041250       0.035994       0.050623       0.055139       0.056667       0.057145       0.057246       0.057249       0.057269       0.057348       0.057484       0.057657       0.057842       0.058014       0.058155       0.058256       0.058317       0.058346       0.058355       0.058355       0.058358       0.058370       0.058395       0.058430       0.058472       0.058515
        18       0.043750       0.036290       0.050898       0.055288       0.056694       0.057086       0.057145       0.057146       0.057194       0.057315       0.057494       0.057700       0.057900       0.058070       0.058193       0.058269       0.058305       0.058315       0.058315       0.058319       0.058334       0.058365       0.058407       0.058455       0.058502       0.058542
        19       0.046250       0.036583       0.051161       0.055418       0.056701       0.057012       0.057040       0.057051       0.057136       0.057304       0.057524       0.057754       0.057959       0.058114       0.058211       0.058259       0.058274       0.058275       0.058278       0.058296       0.058331       0.058380       0.058434       0.058485       0.058526       0.058552
        20       0.048750       0.036875       0.051411       0.055528       0.056688       0.056926       0.056934       0.056967       0.057098       0.057313       0.057569       0.057814       0.058010       0.058141       0.058209       0.058232       0.058234       0.058237       0.058255       0.058294       0.058348       0.058409       0.058464       0.058506       0.058531       0.058542
        21       0.051250       0.037164       0.051650       0.055620       0.056658       0.056831       0.056831       0.056897       0.057079       0.057341       0.057624       0.057871       0.058048       0.058148       0.058188       0.058194       0.058195       0.058212       0.058251       0.058310       0.058377       0.058438       0.058483       0.058508       0.058518       0.058519
        22       0.053750       0.037452       0.051877       0.055695       0.056613       0.056730       0.056734       0.056843       0.057079       0.057384       0.057684       0.057920       0.058069       0.058137       0.058154       0.058154       0.058166       0.058204       0.058266       0.058339       0.058407       0.058457       0.058484       0.058493       0.058494       0.058496
        23       0.056250       0.037737       0.052092       0.055752       0.056554       0.056625       0.056645       0.056805       0.057096       0.057437       0.057741       0.057957       0.058072       0.058111       0.058113       0.058119       0.058152       0.058214       0.058293       0.058369       0.058426       0.058458       0.058469       0.058469       0.058472       0.058487
        24       0.058750       0.038020       0.052296       0.055793       0.056483       0.056519       0.056567       0.056784       0.057129       0.057495       0.057793       0.057978       0.058058       0.058074       0.058074       0.058097       0.058155       0.058237       0.058323       0.058391       0.058430       0.058444       0.058445       0.058448       0.058464       0.058494
        25       0.061250       0.038300       0.052487       0.055819       0.056402       0.056414       0.056501       0.056780       0.057173       0.057555       0.057834       0.057983       0.058030       0.058033       0.058043       0.058090       0.058173       0.058268       0.058349       0.058399       0.058418       0.058420       0.058423       0.058439       0.058472       0.058513
        26       0.063750       0.038578       0.052667       0.055829       0.056312       0.056313       0.056449       0.056792       0.057227       0.057611       0.057861       0.057972       0.057993       0.057994       0.058025       0.058100       0.058201       0.058297       0.058362       0.058391       0.058396       0.058397       0.058412       0.058446       0.058491       0.058532
        27       0.066250       0.038854       0.052835       0.055826       0.056216       0.056218       0.056411       0.056818       0.057285       0.057660       0.057874       0.057947       0.057952       0.057964       0.058022       0.058122       0.058232       0.058317       0.058361       0.058371       0.058371       0.058383       0.058417       0.058464       0.058510       0.058541
        28       0.068750       0.039127       0.052991       0.055810       0.056116       0.056130       0.056387       0.056856       0.057345       0.057700       0.057872       0.057913       0.057913       0.057945       0.058033       0.058152       0.058259       0.058324       0.058345       0.058346       0.058354       0.058384       0.058433       0.058484       0.058521       0.058536
        29       0.071250       0.039398       0.053136       0.055781       0.056012       0.056050       0.056378       0.056903       0.057403       0.057727       0.057856       0.057872       0.057880       0.057941       0.058056       0.058183       0.058275       0.058316       0.058322       0.058324       0.058349       0.058398       0.058454       0.058497       0.058517       0.058520
        30       0.073750       0.039666       0.053270       0.055742       0.055906       0.055980       0.056382       0.056957       0.057456       0.057740       0.057829       0.057831       0.057857       0.057951       0.058086       0.058209       0.058278       0.058297       0.058297       0.058313       0.058358       0.058418       0.058470       0.058497       0.058502       0.058503
        31       0.076250       0.039932       0.053393       0.055691       0.055801       0.055921       0.056399       0.057016       0.057501       0.057741       0.057793       0.057793       0.057847       0.057972       0.058118       0.058224       0.058268       0.058272       0.058279       0.058315       0.058376       0.058437       0.058474       0.058485       0.058485       0.058494
        32       0.078750       0.040195       0.053505       0.055631       0.055696       0.055874       0.056428       0.057077       0.057537       0.057728       0.057752       0.057763       0.057850       0.058000       0.058145       0.058227       0.058248       0.058248       0.058271       0.058328       0.058397       0.058447       0.058466       0.058467       0.058473       0.058498
        33       0.081250       0.040455       0.053605       0.055563       0.055595       0.055838       0.056467       0.057136       0.057561       0.057704       0.057710       0.057743       0.057865       0.058032       0.058163       0.058218       0.058223       0.058231       0.058277       0.058349       0.058413       0.058445       0.058449       0.058452       0.058473       0.058512
        34       0.083750       0.040712       0.053695       0.055487       0.055497       0.055814       0.056514       0.057192       0.057573       0.057672       0.057672       0.057734       0.057889       0.058062       0.058169       0.058199       0.058199       0.058226       0.058292       0.058369       0.058418       0.058432       0.058432       0.058447       0.058484       0.058527
        35       0.086250       0.040967       0.053775       0.055403       0.055404       0.055802       0.056568       0.057242       0.057573       0.057633       0.057639       0.057738       0.057920       0.058085       0.058164       0.058174       0.058181       0.058232       0.058313       0.058383       0.058412       0.058414       0.058421       0.058454       0.058500       0.058536
        36       0.088750       0.041219       0.053844       0.055314       0.055317       0.055801       0.056626       0.057285       0.057562       0.057591       0.057615       0.057753       0.057952       0.058099       0.058149       0.058149       0.058174       0.058247       0.058333       0.058386       0.058397       0.058398       0.058422       0.058468       0.058512       0.058533
        37       0.091250       0.041468       0.053903       0.055220       0.055237       0.055812       0.056686       0.057318       0.057541       0.057549       0.057601       0.057776       0.057981       0.058102       0.058126       0.058129       0.058178       0.058268       0.058346       0.058377       0.058378       0.058390       0.058432       0.058484       0.058515       0.058521
        38       0.093750       0.041714       0.053953       0.055122       0.055164       0.055833       0.056747       0.057342       0.057511       0.057511       0.057598       0.057806       0.058004       0.058093       0.058100       0.058117       0.058192       0.058289       0.058349       0.058361       0.058364       0.058394       0.058448       0.058492       0.058507       0.058507
        39       0.096250       0.041957       0.053992       0.055020       0.055100       0.055863       0.056807       0.057355       0.057474       0.057478       0.057607       0.057838       0.058019       0.058076       0.058076       0.058116       0.058212       0.058304       0.058342       0.058343       0.058358       0.058407       0.058462       0.058491       0.058493       0.058499
        40       0.098750       0.042197       0.054022       0.054916       0.055044       0.055902       0.056864       0.057358       0.057433       0.057452       0.057624       0.057869       0.058023       0.058052       0.058058       0.058125       0.058234       0.058309       0.058326       0.058328       0.058362       0.058423       0.058468       0.058480       0.058481       0.058501
        41       0.101250       0.042434       0.054043       0.054811       0.054998       0.055948       0.056916       0.057350       0.057390       0.057436       0.057650       0.057896       0.058016       0.058026       0.058048       0.058142       0.058252       0.058304       0.058307       0.058322       0.058375       0.058436       0.058464       0.058466       0.058476       0.058511
        42       0.103750       0.042668       0.054055       0.054704       0.054960       0.055999       0.056961       0.057333       0.057348       0.057430       0.057680       0.057916       0.058001       0.058002       0.058049       0.058164       0.058262       0.058291       0.058291       0.058325       0.058392       0.058441       0.058452       0.058454       0.058481       0.058524
        43       0.106250       0.042899       0.054058       0.054598       0.054933       0.056056       0.057000       0.057307       0.057309       0.057434       0.057713       0.057927       0.057979       0.057982       0.058059       0.058185       0.058263       0.058273       0.058282       0.058337       0.058405       0.058437       0.058438       0.058452       0.058493       0.058532
        44       0.108750       0.043127       0.054053       0.054492       0.054914       0.056116       0.057030       0.057274       0.057275       0.057447       0.057744       0.057928       0.057953       0.057971       0.058077       0.058202       0.058254       0.058254       0.058283       0.058354       0.058412       0.058425       0.058427       0.058458       0.058505       0.058531
        45       0.111250       0.043351       0.054040       0.054388       0.054905       0.056178       0.057052       0.057236       0.057248       0.057468       0.057773       0.057920       0.057927       0.057969       0.058099       0.058211       0.058238       0.058241       0.058292       0.058369       0.058409       0.058410       0.058425       0.058471       0.058512       0.058522
        46       0.113750       0.043572       0.054019       0.054285       0.054905       0.056240       0.057064       0.057195       0.057229       0.057495       0.057795       0.057904       0.057904       0.057977       0.058120       0.058210       0.058219       0.058236       0.058307       0.058378       0.058398       0.058399       0.058431       0.058483       0.058509       0.058510
        47       0.116250       0.043790       0.053991       0.054186       0.054915       0.056302       0.057067       0.057151       0.057219       0.057527       0.057810       0.057881       0.057887       0.057992       0.058138       0.058201       0.058201       0.058240       0.058324       0.058378       0.058383       0.058395       0.058444       0.058489       0.058499       0.058502
        48       0.118750       0.044005       0.053955       0.054090       0.054932       0.056362       0.057062       0.057108       0.057217       0.057560       0.057816       0.057855       0.057878       0.058012       0.058149       0.058185       0.058189       0.058252       0.058337       0.058370       0.058370       0.058400       0.058457       0.058487       0.058487       0.058502
        49       0.121250       0.044216       0.053912       0.053997       0.054958       0.056419       0.057047       0.057067       0.057225       0.057593       0.057813       0.057829       0.057877       0.058035       0.058152       0.058166       0.058185       0.058268       0.058342       0.058356       0.058363       0.058412       0.058464       0.058477       0.058480       0.058510
        50       0.123750       0.044423       0.053862       0.053910       0.054991       0.056471       0.057025       0.057029       0.057240       0.057622       0.057802       0.057804       0.057886       0.058056       0.058146       0.058148       0.058189       0.058284       0.058339       0.058341       0.058365       0.058425       0.058463       0.058465       0.058480       0.058521
        51       0.126250       0.044628       0.053806       0.053827       0.055030       0.056519       0.056996       0.056996       0.057263       0.057647       0.057783       0.057784       0.057901       0.058072       0.058133       0.058134       0.058201       0.058297       0.058329       0.058330       0.058374       0.058435       0.058455       0.058456       0.058488       0.058529
        52       0.128750       0.044829       0.053745       0.053749       0.055076       0.056560       0.056961       0.056970       0.057291       0.057665       0.057760       0.057771       0.057922       0.058082       0.058114       0.058127       0.058217       0.058302       0.058314       0.058327       0.058388       0.058437       0.058442       0.058455       0.058499       0.058530
        53       0.131250       0.045026       0.053677       0.053677       0.055127       0.056595       0.056922       0.056951       0.057323       0.057675       0.057733       0.057766       0.057945       0.058083       0.058095       0.058128       0.058234       0.058298       0.058300       0.058331       0.058400       0.058432       0.058432       0.058461       0.058508       0.058523
        54       0.133750       0.045220       0.053604       0.053612       0.055183       0.056622       0.056879       0.056940       0.057357       0.057678       0.057706       0.057770       0.057967       0.058076       0.058077       0.058137       0.058248       0.058288       0.058290       0.058343       0.058407       0.058420       0.058427       0.058472       0.058510       0.058512
        55       0.136250       0.045410       0.053526       0.053552       0.055242       0.056642       0.056835       0.056937       0.057391       0.057672       0.057680       0.057781       0.057985       0.058063       0.058065       0.058152       0.058255       0.058273       0.058287       0.058356       0.058406       0.058408       0.058431       0.058482       0.058504       0.058504
        56       0.138750       0.045596       0.053444       0.053500       0.055304       0.056655       0.056790       0.056942       0.057423       0.057658       0.057658       0.057798       0.057998       0.058044       0.058059       0.058169       0.058254       0.058258       0.058292       0.058368       0.058398       0.058400       0.058441       0.058487       0.058493       0.058503
        57       0.141250       0.045779       0.053357       0.053454       0.055368       0.056659       0.056745       0.056955       0.057451       0.057639       0.057643       0.057819       0.058003       0.058024       0.058062       0.058186       0.058246       0.058247       0.058303       0.058375       0.058386       0.058399       0.058452       0.058484       0.058484       0.058509
        58       0.143750       0.045958       0.053266       0.053415       0.055433       0.056656       0.056703       0.056974       0.057475       0.057614       0.057634       0.057843       0.058001       0.058006       0.058072       0.058198       0.058233       0.058242       0.058317       0.058373       0.058374       0.058405       0.058461       0.058475       0.058480       0.058519
        59       0.146250       0.046134       0.053171       0.053383       0.055498       0.056645       0.056665       0.056999       0.057492       0.057587       0.057633       0.057865       0.057991       0.057991       0.058087       0.058203       0.058217       0.058244       0.058329       0.058365       0.058367       0.058416       0.058462       0.058464       0.058484       0.058527
        60       0.148750       0.046305       0.053073       0.053359       0.055563       0.056627       0.056631       0.057029       0.057502       0.057558       0.057640       0.057885       0.057975       0.057983       0.058105       0.058201       0.058203       0.058254       0.058337       0.058352       0.058367       0.058427       0.058456       0.058457       0.058493       0.058529
        61       0.151250       0.046473       0.052972       0.053341       0.055627