   -4.974874         0.000000         0.000000         0.000000         0.000000         0.000000         0.000000         0.000000         0.000000         0.000000         0.000000         0.000000         0.000000         0.000000         0.000000         0.000000         0.000000         0.000000         0.000000         0.000000         0.000000         0.000000         0.000000         0.000000         0.000000         0.000000     
   -4.924623         0.000000         0.000000         0.000000         0.000000         0.000000         0.000000         0.000000         0.000000         0.000000         0.000000         0.000000         0.000000         0.000000         0.000000         0.000000         0.000000         0.000000         0.000000         0.000000         0.000000         0.000000         0.000000         0.000000         0.000000         0.000000     
   -4.874372         0.000000         0.000000         0.000000         0.000000         0.000000         0.000000         0.000000         0.000000         0.000000         0.000000         0.000000         0.000000         0.000000         0.000000         0.000000         0.000000         0.000000         0.000000         0.000000         0.000000         0.000000         0.000000         0.000000         0.000000         0.000000     
   -4.824121         0.000000         0.000000         0.000000         0.000000         0.000000         0.000000         0.000000         0.000000         0.000000         0.000000         0.000000         0.000000         0.000000         0.000000         0.000000         0.000000         0.000000         0.000000         0.000000         0.000000         0.000000         0.000000         0.000000         0.000000         0.000000     
   -4.773869         0.000000         0.000000         0.000000         0.000000         0.000000         0.000000         0.000000         0.000000         0.000000         0.000000         0.000000         0.000000         0.000000         0.000000         0.000000         0.000000         0.000000         0.000000         0.000000         0.000000         0.000000         0.000000         0.000000         0.000000         0.000000     
   -4.723618         0.000000         0.000000         0.000000         0.000000         0.000000         0.000000         0.000000         0.000000         0.000000         0.000000         0.000000         0.000000         0.000000         0.000000         0.000000         0.000000         0.000000         0.000000         0.000000         0.000000         0.000000         0.000000         0.000000         0.000000         0.000000     
   -4.673367         0.000000         0.000000         0.000000         0.000000         0.000000         0.000000         0.000000         0.000000         0.000000         0.000000         0.000000         0.000000         0.000000         0.000000         0.000000         0.000000         0.000000         0.000000         0.000000         0.000000         0.000000         0.000000         0.000000         0.000000         0.000000     
   -4.623116         0.000000         0.000000         0.000000         0.000000         0.000000         0.000000         0.000000         0.000000         0.000000         0.000000         0.000000         0.000000         0.000000         0.000000         0.000000         0.000000         0.000000         0.000000         0.000000         0.000000         0.000000         0.000000         0.000000         0.000000         0.000000     
   -4.572864         0.000000         0.000000         0.000000         0.000000         0.000000         0.000000         0.000000         0.000000         0.000000         0.000000         0.000000         0.000000         0.000000         0.000000         0.000000         0.000000         0.000000         0.000000         0.000000         0.000000         0.000000         0.000000         0.000000         0.000000         0.000000     
   -4.522613         0.000000         0.000000         0.000000         0.000000         0.000000         0.000000         0.000000         0.000000         0.000000         0.000000         0.000000         0.000000         0.000000         0.019900         0.000000         0.000000         0.000000         0.000000         0.000000         0.000000         0.000000         0.000000         0.000000         0.000000         0.000000     
   -4.472362         0.000000         0.000000         0.000000         0.000000         0.000000         0.000000         0.000000         0.000000         0.000000         0.000000         0.000000         0.000000         0.000000         0.000000         0.000000         0.000000         0.000000         0.000000         0.000000         0.000000         0.000000         0.000000         0.000000         0.000000         0.000000     
   -4.422111         0.000000         0.000000         0.000000         0.000000         0.000000         0.000000         0.000000         0.000000         0.000000         0.000000         0.000000         0.000000         0.000000         0.000000         0.000000         0.000000         0.000000         0.000000         0.000000         0.000000         0.000000         0.000000         0.000000         0.000000         0.000000     
   -4.371859         0.000000         0.000000         0.000000         0.000000         0.000000         0.000000         0.000000         0.000000         0.000000         0.000000         0.000000         0.000000         0.000000         0.000000         0.000000         0.000000         0.000000         0.000000         0.000000         0.000000         0.000000         0.000000         0.000000         0.000000         0.000000     
   -4.321608         0.000000         0.000000         0.000000         0.000000         0.000000         0.000000         0.000000         0.000000         0.000000         0.000000         0.000000         0.000000         0.000000         0.000000         0.000000         0.000000         0.000000         0.000000         0.000000         0.000000         0.000000         0.000000         0.000000         0.000000         0.000000     
   -4.271357         0.000000         0.000000         0.000000         0.000000         0.000000         0.000000         0.000000         0.000000         0.000000         0.000000         0.000000         0.019900         0.000000         0.000000         0.000000         0.000000         0.000000         0.000000         0.000000         0.000000         0.000000         0.000000         0.000000         0.000000         0.000000     
   -4.221106         0.000000         0.000000         0.000000         0.000000         0.000000         0.000000         0.000000         0.019900         0.000000         0.000000         0.000000         0.000000         0.000000         0.000000         0.000000         0.000000         0.000000         0.000000         0.000000         0.000000         0.000000         0.000000         0.000000         0.000000         0.000000     
   -4.170854         0.000000         0.000000         0.000000         0.000000         0.000000         0.000000         0.000000         0.000000         0.000000         0.000000         0.000000         0.000000         0.000000         0.000000         0.000000         0.000000         0.000000         0.000000         0.000000         0.000000         0.000000         0.000000         0.000000         0.000000         0.000000     
   -4.120603         0.000000         0.000000         0.000000         0.000000         0.000000         0.000000         0.000000         0.000000         0.000000         0.000000         0.000000         0.000000         0.000000         0.000000         0.000000         0.000000         0.000000         0.000000         0.000000         0.000000         0.019900         0.000000         0.000000         0.000000         0.000000     
   -4.070352         0.000000         0.000000         0.000000         0.000000         0.000000         0.000000         0.000000         0.000000         0.000000         0.000000         0.000000         0.000000         0.000000         0.000000         0.000000         0.000000         0.000000         0.000000         0.000000         0.000000         0.000000         0.000000         0.000000         0.000000         0.000000     
   -4.020101         0.000000         0.000000         0.000000         0.000000         0.000000         0.000000         0.000000         0.000000         0.000000         0.000000         0.000000         0.000000         0.000000         0.000000         0.000000         0.000000         0.000000         0.000000         0.000000         0.000000         0.000000         0.000000         0.000000         0.000000         0.000000     
   -3.969849         0.000000         0.000000         0.000000         0.000000         0.000000         0.000000         0.000000         0.000000         0.000000         0.000000         0.000000         0.000000         0.000000         0.000000         0.000000         0.000000         0.000000         0.000000         0.000000         0.000000         0.000000         0.000000         0.000000         0.000000         0.000000     
   -3.919598         0.000000         0.000000         0.000000         0.000000         0.000000         0.000000         0.000000         0.000000         0.000000         0.000000         0.000000         0.000000         0.000000         0.000000         0.000000         0.000000         0.000000         0.000000         0.000000         0.000000         0.000000         0.000000         0.000000         0.000000         0.000000     
   -3.869347         0.000000         0.000000         0.000000         0.000000         0.000000         0.000000         0.000000         0.000000         0.000000         0.000000         0.000000         0.000000         0.000000         0.000000         0.000000         0.000000         0.000000         0.000000         0.000000         0.000000         0.000000         0.000000         0.000000         0.000000         0.000000     
   -3.819095         0.000000         0.000000         0.000000         0.000000         0.000000         0.000000         0.000000         0.000000         0.000000         0.000000         0.000000         0.000000         0.000000         0.000000         0.000000         0.000000         0.000000         0.000000         0.000000         0.000000         0.019900         0.000000         0.000000         0.000000         0.000000     
   -3.768844         0.000000         0.000000         0.000000         0.000000         0.000000         0.000000         0.000000         0.000000         0.000000         0.000000         0.000000         0.000000         0.000000         0.000000         0.000000         0.000000         0.000000         0.000000         0.000000         0.000000         0.000000         0.000000         0.000000         0.000000         0.000000     
   -3.718593         0.000000         0.000000         0.000000         0.000000         0.000000         0.000000         0.000000         0.000000         0.000000         0.000000         0.000000         0.000000         0.000000         0.000000         0.000000         0.000000         0.000000         0.000000         0.000000         0.000000         0.000000         0.000000         0.000000         0.000000         0.000000     
   -3.668342         0.000000         0.000000         0.000000         0.000000         0.000000         0.000000         0.000000         0.000000         0.000000         0.000000         0.000000         0.000000         0.000000         0.000000         0.000000         0.000000         0.000000         0.000000         0.000000         0.000000         0.000000         0.000000         0.000000         0.000000         0.000000     
   -3.618090         0.000000         0.000000         0.000000         0.019900         0.000000         0.000000         0.000000         0.000000         0.000000         0.000000         0.000000         0.000000         0.000000         0.000000         0.000000         0.000000         0.000000         0.000000         0.000000         0.000000         0.000000         0.000000         0.000000         0.000000         0.000000     
   -3.567839         0.000000         0.000000         0.000000         0.019900         0.000000         0.000000         0.000000         0.000000         0.000000         0.000000         0.000000         0.000000         0.000000         0.000000         0.019900         0.000000         0.000000         0.000000         0.000000         0.000000         0.000000         0.000000         0.000000         0.000000         0.000000     
   -3.517588         0.000000         0.000000         0.000000         0.000000         0.000000         0.000000         0.000000         0.000000         0.000000         0.000000         0.000000         0.000000         0.000000         0.000000         0.000000         0.000000         0.019900         0.000000         0.000000         0.000000         0.000000         0.000000         0.000000         0.000000         0.019900     
   -3.467337         0.000000         0.000000         0.000000         0.000000         0.000000         0.000000         0.000000         0.000000         0.000000         0.019900         0.000000         0.000000         0.000000         0.000000         0.000000         0.000000         0.000000         0.000000         0.000000         0.000000         0.000000         0.000000         0.000000         0.000000         0.000000     
   -3.417085         0.000000         0.000000         0.000000         0.000000         0.000000         0.019900         0.000000         0.000000         0.000000         0.000000         0.000000         0.000000         0.000000         0.000000         0.000000         0.000000         0.000000         0.000000         0.000000         0.000000         0.000000         0.000000         0.000000         0.019900         0.000000     
   -3.366834         0.000000         0.019900         0.000000         0.000000         0.000000         0.000000         0.000000         0.000000         0.000000         0.000000         0.000000         0.000000         0.000000         0.000000         0.000000         0.000000         0.000000         0.000000         0.000000         0.019900         0.000000         0.000000         0.000000         0.000000         0.000000     
   -3.316583         0.000000         0.000000         0.000000         0.000000         0.000000         0.000000         0.000000         0.000000         0.000000         0.000000         0.000000         0.000000         0.019900         0.000000         0.000000         0.000000         0.000000         0.000000         0.000000         0.000000         0.000000         0.000000         0.000000         0.000000         0.000000     
   -3.266332         0.000000         0.000000         0.000000         0.000000         0.000000         0.000000         0.000000         0.000000         0.000000         0.000000         0.000000         0.000000         0.000000         0.000000         0.000000         0.000000         0.000000         0.000000         0.019900         0.000000         0.000000         0.000000         0.000000         0.000000         0.019900     
   -3.216080         0.000000         0.000000         0.000000         0.000000         0.000000         0.000000         0.000000         0.000000         0.019900         0.000000         0.019900         0.000000         0.000000         0.000000         0.000000         0.000000         0.000000         0.000000         0.000000         0.000000         0.000000         0.000000         0.000000         0.000000         0.000000     
   -3.165829         0.000000         0.039800         0.000000         0.000000         0.000000         0.019900         0.000000         0.000000         0.019900         0.000000         0.000000         0.000000         0.000000         0.000000         0.000000         0.000000         0.000000         0.000000         0.000000         0.000000         0.000000         0.000000         0.019900         0.000000         0.000000     
   -3.115578         0.000000         0.000000         0.000000         0.000000         0.000000         0.000000         0.000000         0.000000         0.019900         0.000000         0.000000         0.000000         0.000000         0.000000         0.000000         0.000000         0.000000         0.000000         0.000000         0.000000         0.000000         0.000000         0.019900         0.000000         0.000000     
   -3.065327         0.000000         0.019900         0.000000         0.000000         0.000000         0.000000         0.000000         0.000000         0.000000         0.000000         0.000000         0.000000         0.000000         0.000000         0.000000         0.039800         0.000000         0.000000         0.019900         0.000000         0.000000         0.000000         0.000000         0.039800         0.000000     
   -3.015075         0.000000         0.019900         0.000000         0.019900         0.000000         0.000000         0.019900         0.019900         0.019900         0.000000         0.000000         0.019900         0.000000         0.000000         0.000000         0.000000         0.000000         0.000000         0.000000         0.019900         0.000000         0.000000         0.000000         0.000000         0.000000     
   -2.964824         0.000000         0.000000         0.000000         0.000000         0.000000         0.039800         0.000000         0.000000         0.000000         0.019900         0.000000         0.000000         0.000000         0.000000         0.019900         0.000000         0.019900         0.000000         0.000000         0.000000         0.019900         0.000000         0.000000         0.019900         0.019900     
   -2.914573         0.000000         0.000000         0.039800         0.039800         0.000000         0.000000         0.000000         0.000000         0.000000         0.000000         0.000000         0.000000         0.000000         0.000000         0.019900         0.000000         0.039800         0.000000         0.000000         0.019900         0.019900         0.019900         0.019900         0.000000         0.000000     
   -2.864322         0.000000         0.019900         0.000000         0.000000         0.000000         0.000000         0.000000         0.000000         0.019900         0.019900         0.000000         0.000000         0.000000         0.000000         0.000000         0.000000         0.000000         0.000000         0.019900         0.000000         0.000000         0.019900         0.000000         0.000000         0.019900     
   -2.814070         0.000000         0.000000         0.000000         0.019900         0.000000         0.019900         0.000000         0.000000         0.000000         0.000000         0.000000         0.019900         0.000000         0.000000         0.000000         0.019900         0.000000         0.000000         0.000000         0.000000         0.019900         0.000000         0.000000         0.000000         0.000000     
   -2.763819         0.000000         0.019900         0.000000         0.019900         0.000000         0.000000         0.000000         0.000000         0.039800         0.000000         0.019900         0.000000         0.000000         0.039800         0.000000         0.000000         0.000000         0.019900         0.000000         0.019900         0.000000         0.000000         0.000000         0.000000         0.000000     
   -2.713568         0.000000         0.019900         0.000000         0.039800         0.039800         0.000000         0.000000         0.039800         0.019900         0.000000         0.059700         0.000000         0.059700         0.019900         0.000000         0.000000         0.000000         0.019900         0.000000         0.000000         0.059700         0.000000         0.000000         0.019900         0.059700     
   -2.663317         0.000000         0.019900         0.000000         0.039800         0.000000         0.000000         0.019900         0.019900         0.000000         0.000000         0.000000         0.000000         0.000000         0.000000         0.019900         0.000000         0.000000         0.000000         0.019900         0.079600         0.039800         0.000000         0.000000         0.000000         0.000000     
   -2.613065         0.000000         0.019900         0.000000         0.019900         0.000000         0.039800         0.019900         0.019900         0.000000         0.000000         0.039800         0.039800         0.019900         0.019900         0.019900         0.000000         0.000000         0.000000         0.019900         0.039800         0.059700         0.019900         0.000000         0.000000         0.000000     
   -2.562814         0.000000         0.019900         0.019900         0.000000         0.019900         0.059700         0.000000         0.000000         0.000000         0.039800         0.000000         0.019900         0.019900         0.000000         0.039800         0.019900         0.000000         0.000000         0.000000         0.039800         0.000000         0.019900         0.019900         0.039800         0.019900     
   -2.512563         0.000000         0.039800         0.019900         0.019900         0.019900         0.000000         0.000000         0.039800         0.000000         0.019900         0.039800         0.000000         0.000000         0.000000         0.019900         0.059700         0.000000         0.019900         0.039800         0.039800         0.019900         0.059700         0.019900         0.000000         0.019900     
   -2.462312         0.000000         0.039800         0.039800         0.039800         0.000000         0.000000         0.019900         0.039800         0.039800         0.019900         0.019900         0.000000         0.000000         0.000000         0.039800         0.000000         0.039800         0.019900         0.019900         0.079600         0.019900         0.000000         0.059700         0.000000         0.019900     
   -2.412060         0.000000         0.019900         0.000000         0.000000         0.000000         0.059700         0.039800         0.079600         0.039800         0.059700         0.059700         0.059700         0.000000         0.000000         0.000000         0.019900         0.000000         0.019900         0.039800         0.000000         0.000000         0.019900         0.000000         0.079600         0.000000     
   -2.361809         0.000000         0.019900         0.019900         0.079600         0.019900         0.019900         0.019900         0.019900         0.079600         0.019900         0.039800         0.019900         0.039800         0.019900         0.059700         0.059700         0.039800         0.019900         0.019900         0.019900         0.039800         0.000000         0.039800         0.039800         0.019900     
   -2.311558         0.000000         0.019900         0.019900         0.019900         0.000000         0.059700         0.039800         0.019900         0.000000         0.019900         0.019900         0.000000         0.019900         0.019900         0.000000         0.059700         0.019900         0.000000         0.019900         0.019900         0.000000         0.019900         0.019900         0.000000         0.039800     
   -2.261307         0.000000         0.000000         0.039800         0.039800         0.059700         0.019900         0.039800         0.000000         0.019900         0.039800         0.019900         0.059700         0.019900         0.019900         0.019900         0.039800         0.039800         0.039800         0.039800         0.019900         0.000000         0.000000         0.039800         0.019900         0.019900     
   -2.211055         0.000000         0.000000         0.039800         0.019900         0.019900         0.059700         0.039800         0.039800         0.059700         0.019900         0.019900         0.000000         0.019900         0.039800         0.039800         0.039800         0.059700         0.039800         0.039800         0.019900         0.039800         0.039800         0.039800         0.039800         0.000000     
   -2.160804         0.000000         0.059700         0.000000         0.019900         0.019900         0.019900         0.039800         0.059700         0.039800         0.039800         0.059700         0.019900         0.079600         0.059700         0.019900         0.019900         0.000000         0.039800         0.059700         0.000000         0.019900         0.039800         0.019900         0.059700         0.019900     
   -2.110553         0.000000         0.059700         0.039800         0.059700         0.019900         0.079600         0.039800         0.099500         0.139300         0.019900         0.059700         0.019900         0.019900         0.000000         0.039800         0.059700         0.079600         0.019900         0.059700         0.039800         0.019900         0.019900         0.039800         0.059700         0.039800     
   -2.060302         0.000000         0.059700         0.059700         0.039800         0.119400         0.019900         0.039800         0.099500         0.059700         0.059700         0.079600         0.039800         0.000000         0.019900         0.000000         0.039800         0.000000         0.039800         0.019900         0.039800         0.059700         0.019900         0.039800         0.000000         0.099500     
   -2.010050         0.000000         0.119400         0.099500         0.119400         0.000000         0.000000         0.059700         0.019900         0.059700         0.019900         0.019900         0.059700         0.039800         0.059700         0.039800         0.099500         0.039800         0.039800         0.019900         0.079600         0.059700         0.000000         0.059700         0.099500         0.079600     
   -1.959799         0.000000         0.000000         0.059700         0.059700         0.079600         0.059700         0.099500         0.039800         0.039800         0.039800         0.039800         0.059700         0.039800         0.059700         0.000000         0.059700         0.059700         0.099500         0.099500         0.079600         0.079600         0.039800         0.019900         0.099500         0.079600     
   -1.909548         0.000000         0.039800         0.059700         0.000000         0.059700         0.079600         0.079600         0.079600         0.039800         0.000000         0.139300         0.019900         0.099500         0.019900         0.019900         0.059700         0.019900         0.079600         0.019900         0.039800         0.099500         0.000000         0.079600         0.139300         0.059700     
   -1.859296         0.000000         0.019900         0.019900         0.079600         0.059700         0.000000         0.019900         0.059700         0.119400         0.059700         0.059700         0.059700         0.059700         0.039800         0.019900         0.039800         0.039800         0.059700         0.119400         0.099500         0.099500         0.039800         0.059700         0.039800         0.039800     
   -1.809045         0.000000         0.019900         0.059700         0.099500         0.019900         0.099500         0.019900         0.079600         0.039800         0.059700         0.099500         0.059700         0.059700         0.039800         0.059700         0.099500         0.039800         0.119400         0.019900         0.019900         0.099500         0.059700         0.039800         0.079600         0.059700     
   -1.758794         0.000000         0.059700         0.218900         0.179100         0.059700         0.059700         0.079600         0.019900         0.119400         0.099500         0.019900         0.000000         0.099500         0.019900         0.039800         0.039800         0.019900         0.099500         0.079600         0.019900         0.019900         0.059700         0.059700         0.059700         0.039800     
   -1.708543         0.000000         0.119400         0.139300         0.099500         0.139300         0.059700         0.059700         0.079600         0.079600         0.079600         0.139300         0.039800         0.119400         0.059700         0.059700         0.099500         0.059700         0.079600         0.019900         0.079600         0.039800         0.179100         0.079600         0.099500         0.019900     
   -1.658291         0.000000         0.099500         0.059700         0.099500         0.099500         0.039800         0.119400         0.099500         0.059700         0.019900         0.079600         0.079600         0.119400         0.139300         0.059700         0.099500         0.139300         0.059700         0.099500         0.079600         0.159200         0.119400         0.099500         0.099500         0.079600     
   -1.608040         0.000000         0.099500         0.019900         0.059700         0.079600         0.079600         0.019900         0.119400         0.179100         0.119400         0.099500         0.059700         0.199000         0.139300         0.039800         0.079600         0.139300         0.059700         0.039800         0.119400         0.079600         0.079600         0.139300         0.019900         0.119400     
   -1.557789         0.000000         0.119400         0.079600         0.099500         0.099500         0.079600         0.079600         0.019900         0.039800         0.059700         0.218900         0.099500         0.199000         0.099500         0.079600         0.179100         0.199000         0.139300         0.159200         0.059700         0.119400         0.119400         0.119400         0.119400         0.119400     
   -1.507538         0.477600         0.179100         0.079600         0.079600         0.039800         0.059700         0.139300         0.099500         0.119400         0.079600         0.099500         0.039800         0.039800         0.139300         0.099500         0.099500         0.079600         0.139300         0.179100         0.139300         0.079600         0.119400         0.119400         0.059700         0.139300     
   -1.457286         0.119400         0.099500         0.139300         0.218900         0.079600         0.119400         0.099500         0.139300         0.079600         0.139300         0.258700         0.199000         0.079600         0.139300         0.119400         0.199000         0.139300         0.179100         0.179100         0.218900         0.059700         0.119400         0.159200         0.099500         0.059700     
   -1.407035         0.218900         0.139300         0.218900         0.159200         0.139300         0.218900         0.099500         0.079600         0.119400         0.139300         0.159200         0.159200         0.079600         0.159200         0.059700         0.059700         0.099500         0.099500         0.218900         0.159200         0.079600         0.199000         0.119400         0.019900         0.099500     
   -1.356784         0.417900         0.159200         0.099500         0.159200         0.119400         0.099500         0.019900         0.119400         0.119400         0.039800         0.139300         0.139300         0.119400         0.199000         0.238800         0.139300         0.099500         0.079600         0.019900         0.199000         0.179100         0.099500         0.119400         0.159200         0.218900     
   -1.306533         0.358200         0.139300         0.139300         0.099500         0.179100         0.099500         0.139300         0.159200         0.159200         0.099500         0.099500         0.238800         0.099500         0.159200         0.099500         0.199000         0.119400         0.139300         0.099500         0.059700         0.139300         0.199000         0.119400         0.159200         0.119400     
   -1.256281         0.298500         0.179100         0.179100         0.139300         0.199000         0.119400         0.218900         0.238800         0.199000         0.119400         0.099500         0.159200         0.159200         0.099500         0.179100         0.139300         0.199000         0.238800         0.099500         0.159200         0.119400         0.159200         0.119400         0.238800         0.159200     
   -1.206030         0.417900         0.179100         0.039800         0.199000         0.119400         0.258700         0.159200         0.179100         0.258700         0.278600         0.238800         0.159200         0.159200         0.218900         0.338300         0.159200         0.278600         0.278600         0.218900         0.238800         0.139300         0.139300         0.199000         0.218900         0.079600     
   -1.155779         0.378100         0.199000         0.159200         0.159200         0.298500         0.199000         0.179100         0.218900         0.258700         0.119400         0.218900         0.079600         0.238800         0.238800         0.238800         0.159200         0.139300         0.159200         0.139300         0.199000         0.199000         0.218900         0.298500         0.218900         0.278600     
   -1.105528         0.417900         0.199000         0.238800         0.218900         0.159200         0.298500         0.318400         0.278600         0.238800         0.477600         0.059700         0.298500         0.318400         0.258700         0.258700         0.258700         0.199000         0.159200         0.278600         0.238800         0.099500         0.218900         0.199000         0.179100         0.218900     
   -1.055276         0.358200         0.218900         0.258700         0.199000         0.179100         0.258700         0.139300         0.179100         0.119400         0.159200         0.358200         0.199000         0.298500         0.338300         0.258700         0.179100         0.099500         0.398000         0.278600         0.119400         0.218900         0.079600         0.258700         0.218900         0.119400     
   -1.005025         0.417900         0.298500         0.099500         0.238800         0.179100         0.218900         0.218900         0.298500         0.298500         0.298500         0.278600         0.238800         0.199000         0.278600         0.298500         0.258700         0.218900         0.179100         0.258700         0.119400         0.238800         0.059700         0.159200         0.159200         0.238800     
   -0.954774         0.358200         0.199000         0.218900         0.159200         0.298500         0.258700         0.258700         0.179100         0.278600         0.179100         0.159200         0.238800         0.218900         0.298500         0.298500         0.139300         0.179100         0.179100         0.218900         0.358200         0.199000         0.218900         0.238800         0.199000         0.119400     
   -0.904523         0.378100         0.179100         0.338300         0.318400         0.119400         0.318400         0.318400         0.139300         0.298500         0.218900         0.218900         0.318400         0.338300         0.258700         0.238800         0.258700         0.199000         0.258700         0.258700         0.159200         0.159200         0.258700         0.218900         0.238800         0.238800     
   -0.854271         0.517400         0.199000         0.218900         0.199000         0.318400         0.358200         0.099500         0.318400         0.278600         0.398000         0.338300         0.358200         0.398000         0.437800         0.278600         0.218900         0.378100         0.159200         0.318400         0.258700         0.258700         0.258700         0.218900         0.258700         0.338300     
   -0.804020         0.457700         0.179100         0.318400         0.199000         0.238800         0.278600         0.258700         0.457700         0.218900         0.139300         0.199000         0.278600         0.318400         0.278600         0.159200         0.218900         0.238800         0.238800         0.258700         0.318400         0.199000         0.199000         0.119400         0.218900         0.218900     
   -0.753769         0.477600         0.417900         0.358200         0.258700         0.358200         0.238800         0.199000         0.298500         0.218900         0.318400         0.278600         0.179100         0.358200         0.378100         0.398000         0.238800         0.437800         0.278600         0.218900         0.338300         0.139300         0.358200         0.199000         0.258700         0.218900     
   -0.703518         0.258700         0.378100         0.398000         0.318400         0.318400         0.298500         0.199000         0.238800         0.298500         0.199000         0.398000         0.358200         0.298500         0.378100         0.298500         0.238800         0.417900         0.358200         0.318400         0.258700         0.298500         0.557200         0.179100         0.338300         0.398000     
   -0.653266         0.278600         0.258700         0.298500         0.238800         0.278600         0.358200         0.378100         0.258700         0.298500         0.338300         0.457700         0.238800         0.298500         0.417900         0.318400         0.318400         0.238800         0.199000         0.298500         0.417900         0.497500         0.318400         0.258700         0.318400         0.378100     
   -0.603015         0.338300         0.398000         0.457700         0.417900         0.378100         0.199000         0.398000         0.258700         0.417900         0.298500         0.398000         0.358200         0.199000         0.258700         0.477600         0.338300         0.179100         0.199000         0.318400         0.238800         0.298500         0.298500         0.318400         0.238800         0.318400     
   -0.552764         0.497500         0.358200         0.378100         0.238800         0.358200         0.218900         0.378100         0.318400         0.417900         0.358200         0.318400         0.258700         0.159200         0.298500         0.218900         0.298500         0.318400         0.398000         0.497500         0.338300         0.238800         0.318400         0.338300         0.318400         0.278600     
   -0.502513         0.378100         0.378100         0.716400         0.457700         0.457700         0.358200         0.398000         0.358200         0.258700         0.238800         0.218900         0.318400         0.238800         0.338300         0.378100         0.437800         0.238800         0.358200         0.338300         0.298500         0.358200         0.378100         0.258700         0.477600         0.477600     
   -0.452261         0.557200         0.318400         0.457700         0.218900         0.318400         0.398000         0.417900         0.497500         0.338300         0.358200         0.497500         0.378100         0.417900         0.517400         0.238800         0.378100         0.378100         0.318400         0.398000         0.457700         0.398000         0.278600         0.358200         0.338300         0.457700     
   -0.402010         0.457700         0.417900         0.537300         0.437800         0.398000         0.258700         0.417900         0.398000         0.497500         0.417900         0.218900         0.557200         0.417900         0.278600         0.417900         0.358200         0.338300         0.358200         0.477600         0.378100         0.398000         0.199000         0.537300         0.218900         0.358200     
   -0.351759         0.398000         0.517400         0.278600         0.358200         0.616900         0.318400         0.437800         0.358200         0.298500         0.417900         0.278600         0.338300         0.318400         0.457700         0.378100         0.318400         0.278600         0.378100         0.517400         0.417900         0.457700         0.417900         0.358200         0.577100         0.378100     
   -0.301508         0.298500         0.258700         0.318400         0.378100         0.676600         0.417900         0.557200         0.437800         0.497500         0.437800         0.477600         0.318400         0.497500         0.437800         0.238800         0.238800         0.457700         0.358200         0.417900         0.517400         0.298500         0.338300         0.378100         0.417900         0.497500     
   -0.251256         0.318400         0.497500         0.417900         0.378100         0.417900         0.398000         0.338300         0.278600         0.457700         0.537300         0.159200         0.517400         0.417900         0.457700         0.398000         0.358200         0.457700         0.358200         0.457700         0.378100         0.497500         0.398000         0.398000         0.358200         0.557200     
   -0.201005         0.278600         0.398000         0.318400         0.298500         0.537300         0.457700         0.756200         0.338300         0.417900         0.378100         0.238800         0.497500         0.398000         0.417900         0.517400         0.437800         0.517400         0.318400         0.318400         0.358200         0.318400         0.457700         0.417900         0.378100         0.437800     
   -0.150754         0.278600         0.398000         0.477600         0.457700         0.298500         0.298500         0.378100         0.358200         0.557200         0.517400         0.696500         0.378100         0.497500         0.238800         0.597000         0.477600         0.537300         0.417900         0.577100         0.537300         0.338300         0.457700         0.597000         0.338300         0.398000     
   -0.100503         0.358200         0.537300         0.537300         0.417900         0.358200         0.636800         0.358200         0.457700         0.517400         0.577100         0.557200         0.537300         0.557200         0.398000         0.716400         0.437800         0.815900         0.378100         0.796000         0.497500         0.318400         0.477600         0.398000         0.378100         0.437800     
   -0.050251         0.298500         0.417900         0.437800         0.457700         0.597000         0.477600         0.457700         0.497500         0.417900         0.557200         0.437800         0.437800         0.557200         0.338300         0.517400         0.537300         0.258700         0.477600         0.537300         0.457700         0.796000         0.517400         0.537300         0.497500         0.756200     
   -0.000000         0.338300         0.756200         0.597000         0.736300         0.557200         0.716400         0.417900         0.796000         0.557200         0.636800         0.477600         0.756200         0.358200         0.736300         0.437800         0.597000         0.398000         0.756200         0.477600         0.517400         0.497500         0.537300         0.417900         0.716400         0.398000     
    0.050251         0.318400         0.477600         0.398000         0.457700         0.517400         0.398000         0.517400         0.358200         0.398000         0.358200         0.298500         0.398000         0.517400         0.378100         0.457700         0.437800         0.636800         0.358200         0.358200         0.517400         0.696500         0.398000         0.338300         0.457700         0.358200     
    0.100503         0.318400         0.537300         0.378100         0.477600         0.218900         0.398000         0.338300         0.437800         0.258700         0.378100         0.517400         0.477600         0.417900         0.318400         0.238800         0.258700         0.457700         0.238800         0.517400         0.457700         0.417900         0.358200         0.298500         0.597000         0.238800     
    0.150754         0.258700         0.278600         0.398000         0.497500         0.477600         0.437800         0.417900         0.517400         0.497500         0.616900         0.457700         0.318400         0.577100         0.477600         0.398000         0.417900         0.338300         0.597000         0.457700         0.517400         0.537300         0.417900         0.477600         0.537300         0.457700     
    0.201005         0.417900         0.417900         0.517400         0.278600         0.358200         0.437800         0.417900         0.358200         0.298500         0.457700         0.437800         0.557200         0.358200         0.537300         0.437800         0.537300         0.378100         0.517400         0.497500         0.457700         0.318400         0.378100         0.298500         0.298500         0.437800     
    0.251256         0.318400         0.457700         0.378100         0.258700         0.437800         0.437800         0.258700         0.457700         0.298500         0.278600         0.696500         0.298500         0.298500         0.437800         0.378100         0.298500         0.497500         0.318400         0.298500         0.417900         0.497500         0.278600         0.298500         0.577100         0.378100     
    0.301508         0.358200         0.517400         0.477600         0.417900         0.537300         0.477600         0.278600         0.318400         0.398000         0.437800         0.258700         0.477600         0.417900         0.497500         0.358200         0.398000         0.537300         0.398000         0.298500         0.378100         0.278600         0.398000         0.716400         0.338300         0.417900     
    0.351759         0.417900         0.318400         0.378100         0.318400         0.457700         0.338300         0.457700         0.358200         0.258700         0.398000         0.398000         0.398000         0.398000         0.398000         0.338300         0.358200         0.238800         0.378100         0.218900         0.338300         0.298500         0.597000         0.417900         0.338300         0.457700     
    0.402010         0.298500         0.537300         0.557200         0.437800         0.398000         0.378100         0.417900         0.318400         0.338300         0.378100         0.199000         0.338300         0.318400         0.477600         0.537300         0.457700         0.457700         0.557200         0.258700         0.318400         0.258700         0.378100         0.398000         0.358200         0.437800     
    0.452261         0.278600         0.398000         0.278600         0.338300         0.298500         0.318400         0.437800         0.238800         0.298500         0.199000         0.417900         0.338300         0.537300         0.358200         0.437800         0.616900         0.577100         0.417900         0.278600         0.298500         0.378100         0.298500         0.238800         0.278600         0.338300     
    0.502513         0.179100         0.199000         0.278600         0.398000         0.159200         0.318400         0.218900         0.298500         0.238800         0.278600         0.258700         0.358200         0.278600         0.338300         0.258700         0.417900         0.457700         0.358200         0.298500         0.298500         0.497500         0.417900         0.278600         0.398000         0.238800     
    0.552764         0.318400         0.298500         0.298500         0.318400         0.258700         0.278600         0.398000         0.398000         0.398000         0.378100         0.318400         0.318400         0.398000         0.378100         0.258700         0.378100         0.218900         0.278600         0.318400         0.378100         0.616900         0.358200         0.358200         0.398000         0.378100     
    0.603015         0.218900         0.298500         0.159200         0.318400         0.278600         0.417900         0.278600         0.278600         0.378100         0.417900         0.298500         0.258700         0.398000         0.159200         0.298500         0.338300         0.318400         0.477600         0.278600         0.159200         0.278600         0.398000         0.437800         0.338300         0.338300     
    0.653266         0.199000         0.318400         0.159200         0.358200         0.318400         0.258700         0.258700         0.358200         0.318400         0.318400         0.278600         0.258700         0.159200         0.238800         0.258700         0.278600         0.278600         0.218900         0.358200         0.278600         0.338300         0.497500         0.437800         0.338300         0.338300     
    0.703518         0.298500         0.258700         0.218900         0.159200         0.258700         0.258700         0.338300         0.318400         0.278600         0.378100         0.318400         0.338300         0.298500         0.338300         0.338300         0.258700         0.358200         0.298500         0.218900         0.457700         0.298500         0.457700         0.338300         0.119400         0.159200     
    0.753769         0.159200         0.378100         0.238800         0.378100         0.159200         0.318400         0.238800         0.318400         0.278600         0.238800         0.278600         0.318400         0.338300         0.278600         0.258700         0.278600         0.258700         0.199000         0.238800         0.258700         0.139300         0.338300         0.358200         0.338300         0.159200     
    0.804020         0.278600         0.417900         0.278600         0.318400         0.238800         0.298500         0.238800         0.258700         0.298500         0.179100         0.298500         0.298500         0.258700         0.258700         0.258700         0.298500         0.199000         0.298500         0.358200         0.358200         0.238800         0.238800         0.358200         0.258700         0.258700     
    0.854271         0.199000         0.199000         0.159200         0.218900         0.179100         0.238800         0.278600         0.119400         0.238800         0.258700         0.159200         0.218900         0.298500         0.358200         0.179100         0.358200         0.318400         0.298500         0.238800         0.298500         0.258700         0.218900         0.238800         0.278600         0.298500     
    0.904523         0.278600         0.278600         0.159200         0.258700         0.358200         0.199000         0.437800         0.278600         0.318400         0.258700         0.258700         0.278600         0.298500         0.199000         0.199000         0.298500         0.278600         0.278600         0.258700         0.238800         0.258700         0.218900         0.338300         0.378100         0.258700     
    0.954774         0.159200         0.199000         0.218900         0.358200         0.179100         0.159200         0.238800         0.358200         0.258700         0.318400         0.139300         0.318400         0.298500         0.179100         0.457700         0.218900         0.258700         0.358200         0.119400         0.218900         0.179100         0.258700         0.338300         0.199000         0.258700     
    1.005025         0.139300         0.119400         0.199000         0.199000         0.218900         0.179100         0.179100         0.079600         0.258700         0.218900         0.199000         0.238800         0.199000         0.159200         0.258700         0.258700         0.298500         0.179100         0.218900         0.199000         0.199000         0.159200         0.258700         0.278600         0.517400     
    1.055276         0.179100         0.139300         0.258700         0.338300         0.238800         0.238800         0.218900         0.238800         0.218900         0.159200         0.258700         0.238800         0.099500         0.179100         0.238800         0.258700         0.099500         0.218900         0.218900         0.179100         0.218900         0.159200         0.258700         0.238800         0.199000     
    1.105528         0.218900         0.139300         0.179100         0.119400         0.218900         0.179100         0.159200         0.238800         0.119400         0.199000         0.238800         0.199000         0.179100         0.139300         0.258700         0.159200         0.199000         0.298500         0.159200         0.159200         0.218900         0.199000         0.159200         0.238800         0.099500     
    1.155779         0.119400         0.099500         0.119400         0.159200         0.159200         0.159200         0.238800         0.159200         0.258700         0.218900         0.159200         0.278600         0.059700         0.139300         0.179100         0.218900         0.179100         0.119400         0.199000         0.119400         0.159200         0.278600         0.139300         0.099500         0.059700     
    1.206030         0.139300         0.159200         0.119400         0.159200         0.199000         0.179100         0.119400         0.238800         0.099500         0.179100         0.079600         0.218900         0.179100         0.159200         0.139300         0.079600         0.179100         0.159200         0.159200         0.099500         0.298500         0.218900         0.159200         0.298500         0.179100     
    1.256281         0.139300         0.139300         0.119400         0.039800         0.218900         0.179100         0.099500         0.199000         0.119400         0.159200         0.199000         0.099500         0.199000         0.179100         0.218900         0.199000         0.119400         0.238800         0.159200         0.179100         0.159200         0.119400         0.139300         0.099500         0.298500     
    1.306533         0.079600         0.139300         0.059700         0.238800         0.119400         0.159200         0.179100         0.159200         0.019900         0.278600         0.258700         0.099500         0.059700         0.099500         0.199000         0.139300         0.039800         0.159200         0.139300         0.119400         0.079600         0.159200         0.218900         0.159200         0.119400     
    1.356784         0.179100         0.079600         0.159200         0.099500         0.099500         0.139300         0.159200         0.139300         0.139300         0.139300         0.179100         0.079600         0.099500         0.059700         0.059700         0.019900         0.099500         0.099500         0.119400         0.019900         0.199000         0.159200         0.159200         0.099500         0.099500     
    1.407035         0.139300         0.099500         0.119400         0.099500         0.119400         0.218900         0.199000         0.139300         0.159200         0.119400         0.139300         0.059700         0.139300         0.179100         0.139300         0.119400         0.059700         0.199000         0.059700         0.079600         0.099500         0.079600         0.139300         0.179100         0.119400     
    1.457286         0.099500         0.139300         0.159200         0.119400         0.179100         0.099500         0.258700         0.079600         0.099500         0.059700         0.199000         0.139300         0.139300         0.079600         0.139300         0.119400         0.059700         0.258700         0.119400         0.238800         0.159200         0.159200         0.199000         0.119400         0.179100     
    1.507538         0.119400         0.179100         0.139300         0.139300         0.039800         0.179100     