              #x                      Variace                 Variace
            0.000250                 0.535417                 0.763335     
            0.000750                 0.540779                 0.770844     
            0.001250                 0.546120                 0.778187     
            0.001750                 0.551441                 0.785361     
            0.002250                 0.556740                 0.792360     
            0.002750                 0.562016                 0.799184     
            0.003250                 0.567269                 0.805827     
            0.003750                 0.572497                 0.812289     
            0.004250                 0.577699                 0.818565     
            0.004750                 0.582875                 0.824654     
            0.005250                 0.588023                 0.830554     
            0.005750                 0.593144                 0.836263     
            0.006250                 0.598235                 0.841778     
            0.006750                 0.603296                 0.847099     
            0.007250                 0.608326                 0.852225     
            0.007750                 0.613325                 0.857154     
            0.008250                 0.618291                 0.861886     
            0.008750                 0.623224                 0.866419     
            0.009250                 0.628123                 0.870755     
            0.009750                 0.632986                 0.874892     
            0.010250                 0.637814                 0.878831     
            0.010750                 0.642604                 0.882572     
            0.011250                 0.647357                 0.886116     
            0.011750                 0.652072                 0.889463     
            0.012250                 0.656747                 0.892616     
            0.012750                 0.661383                 0.895574     
            0.013250                 0.665977                 0.898339     
            0.013750                 0.670530                 0.900914     
            0.014250                 0.675041                 0.903299     
            0.014750                 0.679508                 0.905498     
            0.015250                 0.683932                 0.907512     
            0.015750                 0.688310                 0.909343     
            0.016250                 0.692644                 0.910996     
            0.016750                 0.696931                 0.912471     
            0.017250                 0.701171                 0.913773     
            0.017750                 0.705363                 0.914905     
            0.018250                 0.709507                 0.915870     
            0.018750                 0.713602                 0.916672     
            0.019250                 0.717647                 0.917314     
            0.019750                 0.721641                 0.917801     
            0.020250                 0.725585                 0.918136     
            0.020750                 0.729476                 0.918323     
            0.021250                 0.733315                 0.918368     
            0.021750                 0.737101                 0.918274     
            0.022250                 0.740833                 0.918046     
            0.022750                 0.744510                 0.917689     
            0.023250                 0.748132                 0.917207     
            0.023750                 0.751698                 0.916606     
            0.024250                 0.755208                 0.915891     
            0.024750                 0.758661                 0.915066     
            0.025250                 0.762057                 0.914137     
            0.025750                 0.765394                 0.913109     
            0.026250                 0.768673                 0.911987     
            0.026750                 0.771892                 0.910777     
            0.027250                 0.775051                 0.909485     
            0.027750                 0.778150                 0.908115     
            0.028250                 0.781188                 0.906673     
            0.028750                 0.784165                 0.905165     
            0.029250                 0.787079                 0.903597     
            0.029750                 0.789931                 0.901973     
            0.030250                 0.792721                 0.900300     
            0.030750                 0.795446                 0.898583     
            0.031250                 0.798108                 0.896827     
            0.031750                 0.800705                 0.895038     
            0.032250                 0.803238                 0.893222     
            0.032750                 0.805705                 0.891384     
            0.033250                 0.808107                 0.889529     
            0.033750                 0.810443                 0.887663     
            0.034250                 0.812712                 0.885791     
            0.034750                 0.814914                 0.883918     
            0.035250                 0.817049                 0.882050     
            0.035750                 0.819116                 0.880191     
            0.036250                 0.821116                 0.878346     
            0.036750                 0.823047                 0.876520     
            0.037250                 0.824909                 0.874718     
            0.037750                 0.826702                 0.872945     
            0.038250                 0.828426                 0.871205     
            0.038750                 0.830081                 0.869503     
            0.039250                 0.831665                 0.867842     
            0.039750                 0.833180                 0.866227     
            0.040250                 0.834624                 0.864662     
            0.040750                 0.835997                 0.863150     
            0.041250                 0.837299                 0.861696     
            0.041750                 0.838531                 0.860303     
            0.042250                 0.839691                 0.858974     
            0.042750                 0.840779                 0.857712     
            0.043250                 0.841796                 0.856520     
            0.043750                 0.842741                 0.855402     
            0.044250                 0.843614                 0.854359     
            0.044750                 0.844414                 0.853394     
            0.045250                 0.845143                 0.852510     
            0.045750                 0.845798                 0.851709     
            0.046250                 0.846382                 0.850991     
            0.046750                 0.846892                 0.850360     
            0.047250                 0.847330                 0.849816     
            0.047750                 0.847695                 0.849361     
            0.048250                 0.847987                 0.848996     
            0.048750                 0.848206                 0.848721     
            0.049250                 0.848352                 0.848538     
            0.049750                 0.848425                 0.848446     
            0.050250                 0.848425                 0.848446     
            0.050750                 0.848352                 0.848538     
            0.051250                 0.848206                 0.848721     
            0.051750                 0.847987                 0.848996     
            0.052250                 0.847695                 0.849361     
            0.052750                 0.847330                 0.849816     
            0.053250                 0.846892                 0.850360     
            0.053750                 0.846382                 0.850991     
            0.054250                 0.845798                 0.851709     
            0.054750                 0.845143                 0.852510     
            0.055250                 0.844414                 0.853394     
            0.055750                 0.843614                 0.854359     
            0.056250                 0.842741                 0.855402     
            0.056750                 0.841796                 0.856520     
            0.057250                 0.840779                 0.857712     
            0.057750                 0.839691                 0.858974     
            0.058250                 0.838531                 0.860303     
            0.058750                 0.837299                 0.861696     
            0.059250                 0.835997                 0.863150     
            0.059750                 0.834624                 0.864662     
            0.060250                 0.833180                 0.866227     
            0.060750                 0.831665                 0.867842     
            0.061250                 0.830081                 0.869503     
            0.061750                 0.828426                 0.871205     
            0.062250                 0.826702                 0.872945     
            0.062750                 0.824909                 0.874718     
            0.063250                 0.823047                 0.876520     
            0.063750                 0.821116                 0.878346     
            0.064250                 0.819116                 0.880191     
            0.064750                 0.817049                 0.882050     
            0.065250                 0.814914                 0.883918     
            0.065750                 0.812712                 0.885791     
            0.066250                 0.810443                 0.887663     
            0.066750                 0.808107                 0.889529     
            0.067250                 0.805705                 0.891384     
            0.067750                 0.803238                 0.893222     
            0.068250                 0.800705                 0.895038     
            0.068750                 0.798108                 0.896827     
            0.069250                 0.795446                 0.898583     
            0.069750                 0.792721                 0.900300     
            0.070250                 0.789931                 0.901973     
            0.070750                 0.787079                 0.903597     
            0.071250                 0.784165                 0.905165     
            0.071750                 0.781188                 0.906673     
            0.072250                 0.778150                 0.908115     
            0.072750                 0.775051                 0.909485     
            0.073250                 0.771892                 0.910777     
            0.073750                 0.768673                 0.911987     
            0.074250                 0.765394                 0.913109     
            0.074750                 0.762057                 0.914137     
            0.075250                 0.758661                 0.915066     
            0.075750                 0.755208                 0.915891     
            0.076250                 0.751698                 0.916606     
            0.076750                 0.748132                 0.917207     
            0.077250                 0.744510                 0.917689     
            0.077750                 0.740833                 0.918046     
            0.078250                 0.737101                 0.918274     
            0.078750                 0.733315                 0.918368     
            0.079250                 0.729476                 0.918323     
            0.079750                 0.725585                 0.918136     
            0.080250                 0.721641                 0.917801     
            0.080750                 0.717647                 0.917314     
            0.081250                 0.713602                 0.916672     
            0.081750                 0.709507                 0.915870     
            0.082250                 0.705363                 0.914905     
            0.082750                 0.701171                 0.913773     
            0.083250                 0.696931                 0.912471     
            0.083750                 0.692644                 0.910996     
            0.084250                 0.688310                 0.909343     
            0.084750                 0.683932                 0.907512     
            0.085250                 0.679508                 0.905498     
            0.085750                 0.675041                 0.903299     
            0.086250                 0.670530                 0.900914     
            0.086750                 0.665977                 0.898339     
            0.087250                 0.661383                 0.895574     
            0.087750                 0.656747                 0.892616     
            0.088250                 0.652072                 0.889463     
            0.088750                 0.647357                 0.886116     
            0.089250                 0.642604                 0.882572     
            0.089750                 0.637814                 0.878831     
            0.090250                 0.632986                 0.874892     
            0.090750                 0.628123                 0.870755     
            0.091250                 0.623224                 0.866419     
            0.091750                 0.618291                 0.861886     
            0.092250                 0.613325                 0.857154     
            0.092750                 0.608326                 0.852225     
            0.093250                 0.603296                 0.847099     
            0.093750                 0.598235                 0.841778     
            0.094250                 0.593144                 0.836263     
            0.094750                 0.588023                 0.830554     
            0.095250                 0.582875                 0.824654     
            0.095750                 0.577699                 0.818565     
            0.096250                 0.572497                 0.812289     
            0.096750                 0.567269                 0.805827     
            0.097250                 0.562016                 0.799184     
            0.097750                 0.556740                 0.792360     
            0.098250                 0.551441                 0.785361     
            0.098750                 0.546120                 0.778187     
            0.099250                 0.540779                 0.770844     
            0.099750                 0.535417                 0.763335     
