#cell center, ens ave mat1, ens dev mat1, ens ave mat2, ens dev mat2, ens ave tot, ens dev tot
      0.0050000   0.8670622   0.3364859   0.1329378   0.3364859   1.0000000   0.0000000
      0.0150000   0.8685389   0.3355551   0.1314611   0.3355551   1.0000000   0.0000000
      0.0250000   0.8703482   0.3321405   0.1296518   0.3321405   1.0000000   0.0000000
      0.0350000   0.8732534   0.3282259   0.1267466   0.3282259   1.0000000   0.0000000
      0.0450000   0.8710453   0.3307459   0.1289547   0.3307459   1.0000000   0.0000000
      0.0550000   0.8673243   0.3363422   0.1326757   0.3363422   1.0000000   0.0000000
      0.0650000   0.8646667   0.3393347   0.1353333   0.3393347   1.0000000   0.0000000
      0.0750000   0.8668735   0.3373277   0.1331265   0.3373277   1.0000000   0.0000000
      0.0850000   0.8703301   0.3319631   0.1296699   0.3319631   1.0000000   0.0000000
      0.0950000   0.8690639   0.3335528   0.1309361   0.3335528   1.0000000   0.0000000
      0.1050000   0.8689523   0.3354171   0.1310477   0.3354171   1.0000000   0.0000000
      0.1150000   0.8702807   0.3319955   0.1297193   0.3319955   1.0000000   0.0000000
      0.1250000   0.8686840   0.3346452   0.1313160   0.3346452   1.0000000   0.0000000
      0.1350000   0.8691616   0.3352051   0.1308384   0.3352051   1.0000000   0.0000000
      0.1450000   0.8726202   0.3279564   0.1273798   0.3279564   1.0000000   0.0000000
      0.1550000   0.8722804   0.3331439   0.1277196   0.3331439   1.0000000   0.0000000
      0.1650000   0.8746296   0.3285461   0.1253704   0.3285461   1.0000000   0.0000000
      0.1750000   0.8748034   0.3273865   0.1251966   0.3273865   1.0000000   0.0000000
      0.1850000   0.8755400   0.3278873   0.1244600   0.3278873   1.0000000   0.0000000
      0.1950000   0.8747690   0.3291819   0.1252310   0.3291819   1.0000000   0.0000000
      0.2050000   0.8737691   0.3287595   0.1262309   0.3287595   1.0000000   0.0000000
      0.2150000   0.8735056   0.3276241   0.1264944   0.3276241   1.0000000   0.0000000
      0.2250000   0.8719187   0.3292894   0.1280813   0.3292894   1.0000000   0.0000000
      0.2350000   0.8698670   0.3337482   0.1301330   0.3337482   1.0000000   0.0000000
      0.2450000   0.8646182   0.3393942   0.1353818   0.3393942   1.0000000   0.0000000
      0.2550000   0.8636877   0.3412064   0.1363123   0.3412064   1.0000000   0.0000000
      0.2650000   0.8622532   0.3424386   0.1377468   0.3424386   1.0000000   0.0000000
      0.2750000   0.8628324   0.3409318   0.1371676   0.3409318   1.0000000   0.0000000
      0.2850000   0.8634149   0.3425115   0.1365851   0.3425115   1.0000000   0.0000000
      0.2950000   0.8665400   0.3369323   0.1334600   0.3369323   1.0000000   0.0000000
      0.3050000   0.8655051   0.3373641   0.1344949   0.3373641   1.0000000   0.0000000
      0.3150000   0.8635929   0.3398471   0.1364071   0.3398471   1.0000000   0.0000000
      0.3250000   0.8654914   0.3375428   0.1345086   0.3375428   1.0000000   0.0000000
      0.3350000   0.8693836   0.3330918   0.1306164   0.3330918   1.0000000   0.0000000
      0.3450000   0.8705339   0.3331463   0.1294661   0.3331463   1.0000000   0.0000000
      0.3550000   0.8675193   0.3365630   0.1324807   0.3365630   1.0000000   0.0000000
      0.3650000   0.8665722   0.3355152   0.1334278   0.3355152   1.0000000   0.0000000
      0.3750000   0.8682605   0.3357948   0.1317395   0.3357948   1.0000000   0.0000000
      0.3850000   0.8663278   0.3385340   0.1336722   0.3385340   1.0000000   0.0000000
      0.3950000   0.8648576   0.3389986   0.1351424   0.3389986   1.0000000   0.0000000
      0.4050000   0.8687949   0.3339312   0.1312051   0.3339312   1.0000000   0.0000000
      0.4150000   0.8695181   0.3345389   0.1304819   0.3345389   1.0000000   0.0000000
      0.4250000   0.8637314   0.3395308   0.1362686   0.3395308   1.0000000   0.0000000
      0.4350000   0.8606582   0.3428190   0.1393418   0.3428190   1.0000000   0.0000000
      0.4450000   0.8543987   0.3488964   0.1456013   0.3488964   1.0000000   0.0000000
      0.4550000   0.8518508   0.3526695   0.1481492   0.3526695   1.0000000   0.0000000
      0.4650000   0.8501403   0.3533517   0.1498597   0.3533517   1.0000000   0.0000000
      0.4750000   0.8490181   0.3550298   0.1509819   0.3550298   1.0000000   0.0000000
      0.4850000   0.8521409   0.3508289   0.1478591   0.3508289   1.0000000   0.0000000
      0.4950000   0.8543730   0.3505155   0.1456270   0.3505155   1.0000000   0.0000000
      0.5050000   0.8572538   0.3477756   0.1427462   0.3477756   1.0000000   0.0000000
      0.5150000   0.8586898   0.3449090   0.1413102   0.3449090   1.0000000   0.0000000
      0.5250000   0.8531590   0.3510359   0.1468410   0.3510359   1.0000000   0.0000000
      0.5350000   0.8486626   0.3545955   0.1513374   0.3545955   1.0000000   0.0000000
      0.5450000   0.8482272   0.3557199   0.1517728   0.3557199   1.0000000   0.0000000
      0.5550000   0.8462556   0.3581511   0.1537444   0.3581511   1.0000000   0.0000000
      0.5650000   0.8484668   0.3569630   0.1515332   0.3569630   1.0000000   0.0000000
      0.5750000   0.8504182   0.3539465   0.1495818   0.3539465   1.0000000   0.0000000
      0.5850000   0.8500569   0.3535311   0.1499431   0.3535311   1.0000000   0.0000000
      0.5950000   0.8475822   0.3572550   0.1524178   0.3572550   1.0000000   0.0000000
      0.6050000   0.8470201   0.3555037   0.1529799   0.3555037   1.0000000   0.0000000
      0.6150000   0.8442146   0.3594862   0.1557854   0.3594862   1.0000000   0.0000000
      0.6250000   0.8486750   0.3561006   0.1513250   0.3561006   1.0000000   0.0000000
      0.6350000   0.8512821   0.3540848   0.1487179   0.3540848   1.0000000   0.0000000
      0.6450000   0.8516059   0.3532010   0.1483941   0.3532010   1.0000000   0.0000000
      0.6550000   0.8514172   0.3537489   0.1485828   0.3537489   1.0000000   0.0000000
      0.6650000   0.8482340   0.3541418   0.1517660   0.3541418   1.0000000   0.0000000
      0.6750000   0.8434613   0.3605775   0.1565387   0.3605775   1.0000000   0.0000000
      0.6850000   0.8403584   0.3626289   0.1596416   0.3626289   1.0000000   0.0000000
      0.6950000   0.8395866   0.3643344   0.1604134   0.3643344   1.0000000   0.0000000
      0.7050000   0.8406847   0.3623004   0.1593153   0.3623004   1.0000000   0.0000000
      0.7150000   0.8398289   0.3638394   0.1601711   0.3638394   1.0000000   0.0000000
      0.7250000   0.8385293   0.3649670   0.1614707   0.3649670   1.0000000   0.0000000
      0.7350000   0.8387452   0.3640676   0.1612548   0.3640676   1.0000000   0.0000000
      0.7450000   0.8403897   0.3639673   0.1596103   0.3639673   1.0000000   0.0000000
      0.7550000   0.8397243   0.3636678   0.1602757   0.3636678   1.0000000   0.0000000
      0.7650000   0.8399880   0.3641831   0.1600120   0.3641831   1.0000000   0.0000000
      0.7750000   0.8417086   0.3611182   0.1582914   0.3611182   1.0000000   0.0000000
      0.7850000   0.8427909   0.3623548   0.1572091   0.3623548   1.0000000   0.0000000
      0.7950000   0.8428488   0.3607244   0.1571512   0.3607244   1.0000000   0.0000000
      0.8050000   0.8458529   0.3590701   0.1541471   0.3590701   1.0000000   0.0000000
      0.8150000   0.8487609   0.3558931   0.1512391   0.3558931   1.0000000   0.0000000
      0.8250000   0.8502070   0.3545092   0.1497930   0.3545092   1.0000000   0.0000000
      0.8350000   0.8499543   0.3542190   0.1500457   0.3542190   1.0000000   0.0000000
      0.8450000   0.8516257   0.3518252   0.1483743   0.3518252   1.0000000   0.0000000
      0.8550000   0.8537622   0.3495791   0.1462378   0.3495791   1.0000000   0.0000000
      0.8650000   0.8554877   0.3466665   0.1445123   0.3466665   1.0000000   0.0000000
      0.8750000   0.8603388   0.3442469   0.1396612   0.3442469   1.0000000   0.0000000
      0.8850000   0.8610347   0.3433961   0.1389653   0.3433961   1.0000000   0.0000000
      0.8950000   0.8610236   0.3431629   0.1389764   0.3431629   1.0000000   0.0000000
      0.9050000   0.8614338   0.3419307   0.1385662   0.3419307   1.0000000   0.0000000
      0.9150000   0.8600750   0.3425038   0.1399250   0.3425038   1.0000000   0.0000000
      0.9250000   0.8585791   0.3464193   0.1414209   0.3464193   1.0000000   0.0000000
      0.9350000   0.8574409   0.3469427   0.1425591   0.3469427   1.0000000   0.0000000
      0.9450000   0.8640942   0.3374914   0.1359058   0.3374914   1.0000000   0.0000000
      0.9550000   0.8608289   0.3437992   0.1391711   0.3437992   1.0000000   0.0000000
      0.9650000   0.8652085   0.3365903   0.1347915   0.3365903   1.0000000   0.0000000
      0.9750000   0.8656718   0.3383852   0.1343282   0.3383852   1.0000000   0.0000000
      0.9850000   0.8664413   0.3386338   0.1335587   0.3386338   1.0000000   0.0000000
      0.9950000   0.8655926   0.3374604   0.1344074   0.3374604   1.0000000   0.0000000
