      0.10614674      0.08172979      0.15300698      0.13774502      0.28305152      0.19299284      0.19522316      0.13812930
      0.13655751      0.14371244      0.17433860      0.18815682      0.14277185      0.15963918      0.17839635      0.13593124
      0.15163079      0.25456233      0.19474233      0.09443050      0.17758055      0.17137437      0.17101140      0.14017479
      0.15963276      0.16846567      0.19178496      0.13381670      0.12690760      0.11951471      0.17289713      0.17055886
      0.13231993      0.12820329      0.12439134      0.18163455      0.19110020      0.10714889      0.14204024      0.10130305
      0.06839646      0.10901695      0.09683179      0.17167674      0.08704149      0.16816842      0.19817020      0.14467339
      0.17960963      0.15228243      0.15617292      0.08250908      0.11311998      0.12735711      0.13155183      0.09385262
      0.15025489      0.15319665      0.14220137      0.23731832      0.13277246      0.13917745      0.10361922      0.18185391
      0.12338697      0.12607438      0.16076142      0.23200879      0.07258858      0.22781850      0.19946843      0.11625779
      0.13101175      0.11876830      0.11863942      0.15221229      0.25039274      0.16427165      0.09106583      0.11145402
      0.07897232      0.09516872      0.07038575      0.16694955      0.04976679      0.08390776      0.17482037      0.14203333
      0.12734457      0.17574707      0.13487518      0.13098571      0.14685032      0.12285261      0.13253865      0.12554850
      0.15110605      0.07459579      0.10463943      0.22138630      0.11616413      0.07128439      0.13250170      0.13377684
      0.17224795      0.13915358      0.07147645      0.21307224      0.18135639      0.09778363      0.12862700      0.13731603
      0.09495035      0.09498964      0.14214186      0.15496497      0.18767517      0.16369291      0.10504275      0.11391163
      0.10798503      0.13394282      0.12669237      0.16765655      0.08164626      0.11317322      0.01236940      0.17509698
      0.11111197      0.05884708      0.13616233      0.16980580      0.10945640      0.14688547      0.07483851      0.12904191
      0.10650676      0.07590978      0.17691356      0.12803446      0.22878727      0.12856884     -0.01082527      0.14272017
      0.17615186      0.12362532      0.18111541      0.14854768      0.16356629      0.09486883      0.15487494      0.13766013
      0.11995138      0.14885965      0.18859480      0.15851256      0.13499285      0.15769503      0.03916890      0.10659773
      0.10836701      0.14103387      0.09993539      0.17975838      0.19905125      0.12604689      0.11409637      0.09948633
      0.15887299      0.11001939      0.13063744      0.11164710      0.17483355      0.20200459      0.11116554      0.12044489
      0.14300469      0.11320993      0.24278659      0.19520356      0.13022417      0.19967380      0.10365190      0.11980664
      0.10582319      0.08505032      0.08844031      0.16436352      0.06784147      0.11623643      0.14535784      0.13518502
      0.11753375      0.08488947      0.18484108      0.11211006      0.08616929      0.12441407      0.07946628      0.10659672
      0.15447308      0.14243498      0.12078546      0.09460903      0.11025699      0.09756827      0.19329185      0.16062554
      0.13792776      0.19605504      0.07211886      0.09930587      0.18854612      0.13533878      0.18093616      0.16270127
      0.14343500      0.16488543      0.10686929      0.10693159      0.17970720      0.13936756      0.07903862      0.12565135
      0.14030980      0.15746542      0.11522441      0.09975088      0.16451403      0.09906571      0.15594108      0.07804703
      0.08966172      0.08111002      0.13736163      0.10537269      0.13430413     -0.01335151      0.13902325      0.14294371
      0.12716132      0.14778754      0.16439104      0.17179989      0.16023106      0.14572205      0.14497207      0.13310524
      0.15799192      0.11838885      0.14078276      0.14777398      0.07573946      0.17249598      0.19845983      0.11977809
      0.15595475      0.11989637      0.08405380      0.10313919      0.19084818      0.19040715      0.11353959      0.16625776
      0.14517891      0.24519118      0.16035546      0.10696962      0.14555139      0.17013534      0.18517528      0.11716658
      0.10731756      0.16098768      0.12449708      0.06141178      0.11940818      0.23413110      0.16199125      0.15048981
      0.10197460      0.13749705      0.05335739      0.21428254      0.16802537      0.14242617      0.04277571      0.14841923
      0.13172704      0.17663044      0.21955977      0.13620938      0.10621585      0.14672963      0.12241468      0.16528534
      0.11080293      0.22485617      0.11708324      0.14204502      0.16045202      0.10893644      0.18999372      0.19247050
      0.15673719      0.18631039      0.09091818      0.12272436      0.17200107      0.17438485      0.11741921      0.09404519
      0.14976302      0.12330001      0.11667438      0.09638221      0.18092630      0.05261030      0.20702338      0.18694974
      0.12221698      0.20492052      0.15299435      0.09708955      0.14515909      0.16767736      0.16600030      0.14348752
      0.14531046      0.17045757      0.11892654      0.09818908      0.11564034      0.05018630      0.19000248      0.13284750
      0.16451413      0.13864908      0.15420552      0.05411371      0.15740227      0.21121955      0.17913093      0.14072329
      0.11816871      0.14604700      0.12125676      0.14561799      0.11087700      0.18504196      0.18399505      0.14173854
      0.14961391      0.15346467      0.11793007      0.20987211      0.28178271      0.11126571      0.18355483      0.12957392
      0.12945547      0.15353726      0.08084143      0.18976913      0.16683930      0.19025846      0.08200697      0.16748541
      0.13320290      0.07727273      0.14897150      0.19340502      0.16214490      0.15676034      0.11568820      0.15132648
      0.16362554      0.06496681      0.08620943      0.11677261      0.12461087      0.06238593      0.03923374      0.09125180
      0.14154957      0.13061761      0.16127292      0.21091766      0.13869849      0.16817369      0.20900886      0.15885480
      0.14401731      0.14982911      0.15709451      0.09837851      0.13247272      0.17072700      0.12282962      0.11839444
      0.18753905      0.07368301      0.07799724      0.28182242      0.09016530      0.20981873      0.14938036      0.11773606
      0.14943314      0.10322207      0.15157555      0.18460446      0.23728254      0.09882059      0.18920230      0.11982674
      0.13733154      0.14458564      0.13439306      0.16153866      0.17670034      0.11541342      0.14205994      0.12909823
      0.10331214      0.22088036      0.14192688      0.12008987      0.14219428      0.15882286      0.18274052      0.11631897
      0.14016425      0.11689064      0.15936654      0.11294037      0.14934833      0.10799270      0.14470757      0.16296751
      0.10980949      0.18124307      0.10470997      0.12627672      0.18918998      0.11528790      0.17564288      0.13593574
      0.15226676      0.12863903      0.10568816      0.19686131      0.18677448      0.13380133      0.11432643      0.17546877
      0.12678439      0.06669421      0.16574975      0.11907490      0.10500460      0.17640565      0.13845140      0.12566487
      0.11726580      0.13274815      0.14898393      0.06808325      0.15778718      0.10025144      0.10349271      0.16152430
      0.13190460      0.16853534      0.16258456      0.14462100      0.18005722      0.15867303      0.22002091      0.04147494
      0.13218101      0.17027497      0.14859645      0.07287695      0.10664487      0.14004706      0.12965679      0.16416464
      0.17448018      0.13574512      0.11564204      0.19527274      0.18467575      0.08999934      0.17104236      0.10732810
      0.11323025      0.07892853      0.17942939      0.11240008      0.08994551      0.14634223      0.09036910      0.10749214
      0.11168400      0.18075300      0.09106753      0.15205706      0.11238483      0.13042757      0.05874146      0.15163810
      0.14941974      0.06650067      0.14500214      0.10652620      0.13602900      0.18612072      0.17059382      0.23868387
      0.16984397      0.11894826      0.13382091      0.06682057      0.20324202      0.18043396      0.14964562      0.14823341
      0.13326885      0.10929040      0.14233150      0.10836168      0.17473048      0.17896969      0.14681692      0.12230359
      0.13859793      0.17410351      0.09668131      0.09427315      0.09064123      0.16276199      0.12126734      0.16235510
      0.08706520      0.09089438      0.13417186      0.20097224      0.17373169      0.15796424      0.17487529      0.13752867
      0.13250942      0.09810875      0.19756013      0.20202705      0.20794419      0.17242376      0.13577226      0.15932823
      0.18866575      0.15562659      0.15334823      0.20438268      0.11843980      0.11972339      0.20008305      0.14836731
      0.20691564      0.10797697      0.10651634      0.16008259      0.19255116      0.20551461      0.14549616      0.14018642
      0.14463207      0.14404560      0.14375029      0.10743676      0.19774493      0.16858556      0.13625545      0.07612731
      0.15407014      0.09854328      0.13363644      0.14148658      0.24635389      0.13811677      0.16870809      0.11782839
      0.12091447      0.13476794      0.07471906      0.18941089      0.22078071      0.14926249      0.18436080      0.16322985
      0.12331251      0.03232358      0.14468611      0.08193520      0.10313677      0.17203656      0.13686995      0.17693037
      0.13363505      0.07280222      0.10906720      0.07034467      0.21065886      0.13436267      0.19165419      0.12044994
      0.13952510      0.04583686      0.07642297      0.21818073      0.12479751      0.16384093      0.16884160      0.14131620
      0.15793743      0.10281368      0.12452977      0.08652207      0.11356130      0.04615685      0.19922929      0.11810296
      0.16370584      0.17114362      0.08169392      0.21271133     -0.00294520      0.17846674      0.08781080      0.14392216
      0.15937709      0.13208398      0.10563534      0.14400019      0.15662404      0.14925656      0.07276408      0.18643052
      0.17863375      0.14297775      0.16898641      0.09615732      0.10792400      0.07158244      0.13383580      0.14392387
      0.13259646      0.20710888      0.08305733      0.19991430      0.12574156      0.19831057      0.13895065      0.15585546
      0.13595269      0.16853052      0.26997323      0.09160774      0.11552181      0.11132551      0.09469735      0.06394512
      0.13402033      0.10997456      0.09236683      0.15830862      0.17770590      0.15067621      0.18898164      0.17075150
      0.10314557      0.15290525      0.10636775      0.15896581      0.12887785      0.12667913      0.13570916      0.11741710
      0.10719604      0.22037137      0.14823870      0.18359067      0.19086651      0.12824755      0.10448083      0.12239754
      0.16480409      0.09346385      0.11816916      0.13712596      0.14661953      0.13870097      0.14011700      0.15386287
      0.12812949      0.09276886      0.12919644      0.18521342      0.14606363      0.15443012      0.17110708      0.16061793
      0.13594596      0.10460722      0.08576920      0.18288180      0.18257781      0.11166506      0.16203770      0.13928423
      0.11338275      0.19645875      0.15411117      0.14864119      0.13836039      0.20027580      0.16881458      0.13932211
      0.10045267      0.21175817      0.12276981      0.15623263      0.17630953      0.17612100      0.15428407      0.12985791
      0.13176553      0.12032436      0.15046827      0.15852380      0.20712886      0.12770345      0.08477567      0.13066954
      0.12436123      0.18913997      0.13773622      0.09444509      0.15776749      0.14352329      0.09104496      0.12028400
      0.21386811      0.13408421      0.07068933      0.06687375      0.23671586      0.15704764      0.13683606      0.15284768
      0.13940594      0.09476733      0.12338434      0.20995995      0.09597728      0.10568554      0.16661001      0.13082125
      0.15420671      0.12394198      0.10302223      0.11516956      0.06520675      0.18897564      0.13961000      0.18283300
      0.12220775      0.15773887      0.12664606      0.11486716      0.13058462      0.08410609      0.10320086      0.14203666
      0.17839774      0.10498873      0.20777673      0.10613436      0.12280978      0.09577979      0.09705544      0.17121874
      0.14584807      0.15288055      0.15847292      0.11048731      0.14359401      0.12341242      0.12984169      0.15758438
