      0.14136600      0.14533971      0.14888437      0.15180870      0.15398070      0.15534000      0.15590319      0.15576169      0.15507203      0.15403975      0.15289830      0.15188496      0.15121611      0.15106431      0.15153934      0.15267512      0.15442382      0.15665793      0.15918003      0.16173955      0.16405502      0.16583973      0.16682857      0.16680341      0.16561471      0.16319743      0.15957946      0.15488206      0.14931188      0.14314543
      0.13912780      0.14029672      0.14113312      0.14148061      0.14121947      0.14027543      0.13862494      0.13629652      0.13336822      0.12996143      0.12623163      0.12235694      0.11852541      0.11492216      0.11171734      0.10905591      0.10704989      0.10577368      0.10526251      0.10551408      0.10649283      0.10813645      0.11036368      0.11308264      0.11619885      0.11962208      0.12327152      0.12707883      0.13098881      0.13495808
      0.13461182      0.13045767      0.12693606      0.12432518      0.12281141      0.12247014      0.12325762      0.12501450      0.12748106      0.13032242      0.13316161      0.13561720      0.13734189      0.13805845      0.13758935      0.13587722      0.13299413      0.12913855      0.12462014      0.11983376      0.11522478      0.11124916      0.10833160      0.10682595      0.10698139      0.10891754      0.11261105      0.11789476      0.12446979      0.13192939
      0.12493503      0.10937725      0.09652961      0.08761676      0.08350744      0.08463668      0.09096805      0.10199897      0.11680872      0.13414447      0.15253707      0.17043598      0.18635055      0.19898457      0.20735162      0.21086065      0.20936394      0.20316335      0.19297449      0.17985257      0.16508715      0.15007609      0.13619067      0.12464483      0.11638096      0.11198298      0.11162492      0.11505979      0.12164946      0.13043267
      0.14448311      0.15260715      0.16070347      0.16871963      0.17656005      0.18407933      0.19108276      0.19733409      0.20257030      0.20652212      0.20893857      0.20961293      0.20840775      0.20527607      0.20027657      0.19358060      0.18547004      0.17632536      0.16660465      0.15681478      0.14747691      0.13908909      0.13208906      0.12682030      0.12350450      0.12222266      0.12290696      0.12534393      0.12918917      0.13399243
      0.13410469      0.12906259      0.12411660      0.11934528      0.11485559      0.11078608      0.10730480      0.10460147      0.10287448      0.10231371      0.10308068      0.10528805      0.10898067      0.11412018      0.12057524      0.12811879      0.13643330      0.14512412      0.15374042      0.16180241      0.16883300      0.17439128      0.17810537      0.17970174      0.17902861      0.17607112      0.17095703      0.16395202      0.15544487      0.14592330
      0.14205063      0.14649960      0.14962527      0.15085108      0.14979933      0.14633285      0.14057311      0.13289291      0.12388417      0.11430380      0.10500280      0.09684510      0.09062412      0.08698476      0.08635858      0.08891830      0.09455618      0.10288852      0.11328624      0.12492860      0.13687552      0.14815167      0.15783469      0.16513927      0.16948931      0.17057134      0.16836428      0.16314246      0.15545179      0.14606099
      0.12979776      0.11983347      0.11122587      0.10459053      0.10036786      0.09878506      0.09983765      0.10329242      0.10871131      0.11549406      0.12293552      0.13029220      0.13685186      0.14199961      0.14527430      0.14641008      0.14535911      0.14229368      0.13758727      0.13177677      0.12550933      0.11947901      0.11435930      0.11073787      0.10905977      0.10958458      0.11236128      0.11722357      0.12380563      0.13157719
      0.14661846      0.15677805      0.16537318      0.17169876      0.17525718      0.17580327      0.17336560      0.16824242      0.16097242      0.15228326      0.14302271      0.13407879      0.12629650      0.12039904      0.11692070      0.11615787      0.11814266      0.12264154      0.12917911      0.13708456      0.14555659      0.15374038      0.16080944      0.16604456      0.16890234      0.16906685      0.16647959      0.16134488      0.15411018      0.14542332
      0.14372911      0.15027839      0.15541260      0.15848537      0.15902842      0.15679138      0.15176252      0.14416847      0.13445333      0.12323905      0.11127097      0.09935339      0.08828128      0.07877411      0.07141793      0.06662056      0.06458397      0.06529567      0.06853987      0.07392658      0.08093577      0.08897185      0.09742329      0.10572132      0.11339220      0.12009809      0.12566262      0.13007906      0.13350045      0.13621300
      0.14176898      0.14643239      0.15105467      0.15558002      0.15991460      0.16392142      0.16742193      0.17020444      0.17203924      0.17269889      0.17198199      0.16973810      0.16589115      0.16045869      0.15356484      0.14544492      0.13644074      0.12698618      0.11758376      0.10877365      0.10109722      0.09505824      0.09108451      0.08949353      0.09046486      0.09402192      0.10002491      0.10817564      0.11803438      0.12904737
      0.15663361      0.17898557      0.19850375      0.21388423      0.22416773      0.22881627      0.22775231      0.22135714      0.21042890      0.19610449      0.17975264      0.16284834      0.14684013      0.13302257      0.12242539      0.11572943      0.11321654      0.11475774      0.11984006      0.12762886      0.13705928      0.14694770      0.15611210      0.16348986      0.16824144      0.16983035      0.16807156      0.16314422      0.15556759      0.14614293
      0.14923108      0.16267213      0.17444546      0.18378832      0.19014611      0.19321808      0.19298003      0.18968190      0.18382074      0.17609154      0.16732074      0.15838861      0.15014769      0.14334507      0.13855544      0.13613133      0.13617478      0.13853306      0.14281852      0.14845061      0.15471567      0.16083894      0.16606155      0.16971539      0.17128846      0.17047460      0.16720297      0.16164441      0.15419423      0.14543319
      0.14409382      0.15104864      0.15645838      0.15962744      0.16006635      0.15753680      0.15207371      0.14398214      0.13380970      0.12229689      0.11031007      0.09876343      0.08853711      0.08039913      0.07493828      0.07251417      0.07322884      0.07692247      0.08319335      0.09143994      0.10092103      0.11082790      0.12036178      0.12880907      0.13560718      0.14039484      0.14304210      0.14365734      0.14257074      0.14029593
      0.13591151      0.13334960      0.13128453      0.12994764      0.12951285      0.13008335      0.13168416      0.13426108      0.13768603      0.14176829      0.14627045      0.15092772      0.15546885      0.15963679      0.16320736      0.16600441      0.16791019      0.16887035      0.16889320      0.16804368      0.16643275      0.16420350      0.16151533      0.15852797      0.15538676      0.15221075      0.14908458      0.14605497      0.14313179      0.14029369
      0.15938707      0.18433352      0.20439871      0.21741567      0.22190365      0.21721436      0.20359863      0.18218711      0.15488665      0.12420205      0.09299990      0.06423691      0.04067836      0.02463339      0.01773221      0.02076658      0.03360878      0.05521697      0.08372674      0.11662056      0.15095925      0.18365409      0.21175384      0.23272009      0.24466472      0.24652742      0.23817634      0.22042240      0.19494572      0.16414108
      0.13983890      0.14226214      0.14514279      0.14866891      0.15294640      0.15798221      0.16367758      0.16983205      0.17615803      0.18230465      0.18788861      0.19252917      0.19588401      0.19768239      0.19775254      0.19604041      0.19261807      0.18768066      0.18153211      0.17456075      0.16720701      0.15992613      0.15314914      0.14724591      0.14249346      0.13905254      0.13695479      0.13610150      0.13627425      0.13715648
      0.12409157      0.10744997      0.09348691      0.08339025      0.07797009      0.07757895      0.08207617      0.09084009      0.10282701      0.11667144      0.13081818      0.14367373      0.15376252      0.15987319      0.16118072      0.15733266      0.14849099      0.13532530      0.11895758      0.10086350      0.08273913      0.06634541      0.05334484      0.04514560      0.04276760      0.04674329      0.05706246      0.07316637      0.09399204      0.11806275
      0.11896220      0.09647672      0.07823587      0.06616162      0.06162278      0.06531345      0.07719294      0.09649233      0.12178679      0.15112674      0.18221537      0.21261606      0.23997028      0.26220595      0.27771699      0.28549787      0.28522106      0.27725083      0.26259277      0.24278453      0.21973877      0.19555356      0.17230871      0.15186754      0.13570294      0.12476420      0.11939711      0.11932454      0.12368901      0.13115264
      0.13871223      0.13909667      0.13857851      0.13677539      0.13345342      0.12855768      0.12222477      0.11477581      0.10669062      0.09856513      0.09105631      0.08481956      0.08044466      0.07839648      0.07896621      0.08223791      0.08807386      0.09612036      0.10583373      0.11652439      0.12741507      0.13770801      0.14665503      0.15362389      0.15815500      0.16000307      0.15915981      0.15585545      0.15053887      0.14383806
      0.15222351      0.16946332      0.18500346      0.19803959      0.20794794      0.21432728      0.21702268      0.21612911      0.21197518      0.20508855      0.19614654      0.18591633      0.17519041      0.16472268      0.15517107      0.14705115      0.14070473      0.13628543      0.13376199      0.13293820      0.13348689      0.13499417      0.13700918      0.13909428      0.14087072      0.14205527      0.14248448      0.14212443      0.14106531      0.13950191
      0.12494982      0.10892294      0.09451142      0.08248738      0.07346009      0.06783717      0.06580142      0.06730508      0.07208144      0.07967253      0.08947021      0.10076682      0.11281101      0.12486387      0.13625081      0.14640494      0.15489884      0.16146253      0.16598697      0.16851362      0.16921198      0.16834787      0.16624629      0.16325259      0.15969621      0.15586032      0.15196026      0.14813259      0.14443527      0.14085846
      0.12978704      0.11974271      0.11090618      0.10383163      0.09892463      0.09640930      0.09631190      0.09846219      0.10251228      0.10797127      0.11425221      0.12072706      0.12678457      0.13188551      0.13561047      0.13769554      0.13805296      0.13677478      0.13411951      0.13048316      0.12635750      0.12227985      0.11877900      0.11632274      0.11527184      0.11584488      0.11809735      0.12191687      0.12703489      0.13305376
      0.14788179      0.15994020      0.17108102      0.18084963      0.18886513      0.19483944      0.19859059      0.20004923      0.19925828      0.19636593      0.19161275      0.18531408      0.17783893      0.16958726      0.16096699      0.15237243      0.14416535      0.13665977      0.13011105      0.12470956      0.12057878      0.11777734      0.11630434      0.11610688      0.11708896      0.11912069      0.12204704      0.12569549      0.12988219      0.13441655
      0.13462666      0.13000433      0.12492516      0.11922699      0.11285946      0.10590502      0.09858474      0.09124806      0.08434690      0.07839657      0.07392689      0.07142833      0.07129840      0.07379373      0.07899286      0.08677374      0.09680884      0.10857895      0.12140504      0.13449605      0.14700860      0.15811366      0.16706444      0.17325934      0.17629450      0.17600087      0.17246247      0.16601384      0.15721661      0.14681709
      0.14010621      0.14220728      0.14327904      0.14289346      0.14080084      0.13696553      0.13157915      0.12504972      0.11796744      0.11105019      0.10507373      0.10079343      0.09886496      0.09977191      0.10376748      0.11083638      0.12068106      0.13273422      0.14619711      0.16010062      0.17338400      0.18498431      0.19392865      0.19942078      0.20091415      0.19816460      0.19125772      0.18060797      0.16692955      0.15118118
      0.13402951      0.12958454      0.12678698      0.12634756      0.12872117      0.13405375      0.14215985      0.15253329      0.16439005      0.17673965      0.18847818      0.19849425      0.20577770      0.20952068      0.20920124      0.20464121      0.19603252      0.18392918      0.16920507      0.15298122      0.13652911      0.12115854      0.10810059      0.09839631      0.09280153      0.09171673      0.09514856      0.10270669      0.11363660      0.12688522
      0.13368244      0.12838620      0.12382965      0.12038021      0.11834650      0.11796218      0.11937391      0.12263391      0.12769760      0.13442623      0.14259422      0.15190075      0.16198468      0.17244208      0.18284522      0.19276203      0.20177506      0.20949910      0.21559655      0.21979021      0.22187293      0.22171407      0.21926263      0.21454742      0.20767427      0.19882085      0.18822936      0.17619757      0.16306852      0.14921927
      0.13626454      0.13402014      0.13197346      0.13022253      0.12884949      0.12791647      0.12746258      0.12750235      0.12802561      0.12899876      0.13036732      0.13205955      0.13399081      0.13606845      0.13819676      0.14028183      0.14223590      0.14398102      0.14545200      0.14659827      0.14738499      0.14779318      0.14781916      0.14747342      0.14677901      0.14576974      0.14448824      0.14298415      0.14131232      0.13953126
      0.16138965      0.18911926      0.21249037      0.22954288      0.23889981      0.23989310      0.23262306      0.21794592      0.19739070      0.17301339      0.14720206      0.12245140      0.10112792      0.08524779      0.07628836      0.07505087      0.08158744      0.09519877      0.11450303      0.13756905      0.16210124      0.18565873      0.20588798      0.22074671      0.22869826      0.22885771      0.22107623      0.20595557      0.18479138      0.15945087
      0.14893471      0.16190038      0.17297266      0.18128012      0.18618156      0.18731755      0.18463722      0.17839810      0.16913911      0.15762961      0.14479920      0.13165480      0.11919275      0.10831387      0.09974912      0.09400246      0.09131578      0.09165875      0.09474390      0.10006512      0.10695537      0.11465777      0.12240300      0.12948540      0.13533054      0.13954771      0.14196241      0.14262612      0.14180242      0.13993132
      0.13781392      0.13728593      0.13637459      0.13491561      0.13280572      0.13001541      0.12659462      0.12267060      0.11843815      0.11414315      0.11006091      0.10647133      0.10363328      0.10176054      0.10100160      0.10142540      0.10301408      0.10566382      0.10919337      0.11335988      0.11788019      0.12245595      0.12680004      0.13066187      0.13384926      0.13624479      0.13781515      0.13861253      0.13876808      0.13847789
      0.13968202      0.14151265      0.14291534      0.14370139      0.14374381      0.14299042      0.14146965      0.13928870      0.13662398      0.13370484      0.13079206      0.12815321      0.12603713      0.12464997      0.12413512      0.12455891      0.12590352      0.12806766      0.13087526      0.13409103      0.13744188      0.14064178      0.14341813      0.14553689      0.14682427      0.14718289      0.14660092      0.14515328      0.14299480      0.14034598
      0.14163994      0.14592035      0.14967576      0.15267002      0.15473714      0.15579622      0.15585831      0.15502458      0.15347575      0.15145412      0.14923954      0.14712189      0.14537251      0.14421740      0.14381466      0.14423845      0.14547095      0.14740305      0.14984393      0.15253851      0.15519115      0.15749355      0.15915401      0.15992556      0.15963007      0.15817621      0.15556955      0.15191370      0.14740250      0.14230390
      0.13899333      0.13973802      0.13958465      0.13814957      0.13519320      0.13064982      0.12464011      0.11746495      0.10958105      0.10156048      0.09403801      0.08765110      0.08297839      0.08048252      0.08046282      0.08302254      0.08805394      0.09524279      0.10409224      0.11396381      0.12413220      0.13384855      0.14240672      0.14920626      0.15380628      0.15596521      0.15566277      0.15310183      0.14869021      0.14300369
      0.14029742      0.14266637      0.14405580      0.14404318      0.14235819      0.13891437      0.13382251      0.12738449      0.12006777      0.11246317      0.10522959      0.09903111      0.09447242      0.09203865      0.09204563      0.09460535      0.09961007      0.10673683      0.11547225      0.12515539      0.13503488      0.14433527      0.15232626      0.15838867      0.16207082      0.16313020      0.16155638      0.15757299      0.15161856      0.14430778
      0.13782820      0.13740672      0.13679922      0.13592054      0.13470882      0.13313100      0.13118590      0.12890482      0.12634950      0.12360774      0.12078707      0.11800700      0.11539056      0.11305578      0.11110798      0.10963317      0.10869344      0.10832431      0.10853429      0.10930664      0.11060284      0.11236756      0.11453440      0.11703189      0.11978920      0.12274084      0.12583015      0.12901117      0.13224884      0.13551760
      0.13218331      0.12496326      0.11843551      0.11291407      0.10862368      0.10568076      0.10408467      0.10372012      0.10437052      0.10574092      0.10748849      0.10925751      0.11071557      0.11158752      0.11168389      0.11092106      0.10933113      0.10706062      0.10435784      0.10155034      0.09901425      0.09713848      0.09628714      0.09676363      0.09877983      0.10243335      0.10769491      0.11440721      0.12229539      0.13098817
      0.13431556      0.12968818      0.12548027      0.12188977      0.11906945      0.11711652      0.11606691      0.11589473      0.11651672      0.11780137      0.11958173      0.12167074      0.12387774      0.12602454      0.12795979      0.12957021      0.13078802      0.13159376      0.13201450      0.13211783      0.13200212      0.13178435      0.13158657      0.13152243      0.13168515      0.13213794      0.13290801      0.13398446      0.13532035      0.13683863
      0.12605724      0.11134489      0.09803140      0.08678943      0.07815532      0.07249622      0.06999008      0.07061985      0.07418207      0.08030866      0.08850000      0.09816600      0.10867183      0.11938425      0.12971491      0.13915706      0.14731326      0.15391206      0.15881312      0.16200114      0.16356988      0.16369860      0.16262361      0.16060827      0.15791439      0.15477790      0.15139109      0.14789282      0.14436720      0.14085042
      0.13302751      0.12689532      0.12148379      0.11711370      0.11400570      0.11225935      0.11184396      0.11260225      0.11426646      0.11648548      0.11886036      0.12098490      0.12248728      0.12306891      0.12253651      0.12082438      0.11800458      0.11428393      0.10998784      0.10553251      0.10138784      0.09803456      0.09591934      0.09541229      0.09677060      0.10011184      0.10539958      0.11244249      0.12090743      0.13034509
      0.14536436      0.15427248      0.16238826      0.16932238      0.17475304      0.17844329      0.18025268      0.18014264      0.17817541      0.17450664      0.16937271      0.16307362      0.15595292      0.14837628      0.14071019      0.13330226      0.12646429      0.12045924      0.11549231      0.11170665      0.10918320      0.10794430      0.10796016      0.10915725      0.11142759      0.11463801      0.11863849      0.12326898      0.12836449      0.13375822
      0.13976645      0.14164761      0.14297030      0.14348400      0.14301383      0.14147707      0.13889124      0.13537307      0.13112832      0.12643364      0.12161197      0.11700391      0.11293765      0.10970026      0.10751301      0.10651286      0.10674189      0.10814560      0.11057989      0.11382639      0.11761423      0.12164632      0.12562761      0.12929255      0.13242918      0.13489762      0.13664110      0.13768875      0.13814973      0.13819949
      0.12904430      0.11809037      0.10842713      0.10065086      0.09520374      0.09233941      0.09210526      0.09434279      0.09870595      0.10469559      0.11170676      0.11908439      0.12618221      0.13241949      0.13733051      0.14060221      0.14209687      0.14185791      0.14009856      0.13717484      0.13354553      0.12972335      0.12622201      0.12350439      0.12193673      0.12175339      0.12303528      0.12570407      0.12953258      0.13417012
      0.16517817      0.19743636      0.22467504      0.24465156      0.25581174      0.25743689      0.24971121      0.23370321      0.21126273      0.18484329      0.15726647      0.13145075      0.11013030      0.09559063      0.08944610      0.09248047      0.10456603      0.12466890      0.15094057      0.18088713      0.21160049      0.24003016      0.26326994      0.27883267      0.28488725      0.28043552      0.26541224      0.24069873      0.20804856      0.16993217
      0.12480850      0.10888469      0.09520633      0.08479250      0.07837279      0.07632412      0.07864003      0.08493520      0.09448457      0.10629343      0.11919165      0.13194340      0.14336190      0.15241855      0.15833632      0.16065872      0.15928798      0.15448921      0.14686020      0.13727003      0.12677240      0.11650210      0.10756449      0.10092853      0.09733362      0.09721892      0.10068195      0.10747026      0.11700688      0.12844704
      0.14993003      0.16395346      0.17561585      0.18385642      0.18793144      0.18748279      0.18257040      0.17366564      0.16160631      0.14751757      0.13270616      0.11853795      0.10631035      0.09713141      0.09181727      0.09081711      0.09417305      0.10151829      0.11211393      0.12492058      0.13869815      0.15212430      0.16392017      0.17297170      0.17843490      0.17981522      0.17701351      0.17033430      0.16045558      0.14836307
      0.12941429      0.11890440      0.10962062      0.10212039      0.09680428      0.09388206      0.09335640      0.09502584      0.09850663      0.10327134      0.10870062      0.11414317      0.11897826      0.12267492      0.12484224      0.12526604      0.12392847      0.12100879      0.11686522      0.11199960      0.10700838      0.10252443      0.09915528      0.09742365      0.09771591      0.10024336      0.10501993      0.11185857      0.12038655      0.13007826
      0.13414935      0.12944063      0.12544784      0.12250387      0.12085842      0.12065903      0.12194057      0.12462441      0.12852677      0.13337577      0.13883535      0.14453387      0.15009485      0.15516715      0.15945184      0.16272354      0.16484453      0.16577055      0.16554804      0.16430343      0.16222571      0.15954416      0.15650363      0.15333970      0.15025635      0.14740808      0.14488828      0.14272478      0.14088283      0.13927518
      0.13997934      0.14229303      0.14442287      0.14630749      0.14793463      0.14934937      0.15065488      0.15200551      0.15359234      0.15562265      0.15829514      0.16177333      0.16615997      0.17147510      0.17764044      0.18447202      0.19168226      0.19889213      0.20565267      0.21147460      0.21586371      0.21835924      0.21857196      0.21621886      0.21115103      0.20337251      0.19304801      0.18049855      0.16618530      0.15068249
      0.13261471      0.12571956      0.11902125      0.11265020      0.10675945      0.10152619      0.09714815      0.09383483      0.09179382      0.09121335      0.09224277      0.09497263      0.09941678      0.10549839      0.11304187      0.12177205      0.13132144      0.14124571      0.15104671      0.16020163      0.16819635      0.17456045      0.17890114      0.18093338      0.18050349      0.17760439      0.17238064      0.16512292      0.15625186      0.14629243
      0.15389671      0.17319834      0.19064308      0.20534642      0.21661441      0.22398858      0.22727213      0.22653528      0.22210003      0.21450589      0.20445995      0.19277588      0.18030734      0.16788162      0.15623903      0.14598319      0.13754580      0.13116850      0.12690244      0.12462478      0.12406955      0.12486932      0.12660301      0.12884483      0.13120942      0.13338880      0.13517765      0.13648481      0.13733029      0.13782871
      0.14626406      0.15667559      0.16710448      0.17751227      0.18780372      0.19781749      0.20732559      0.21604197      0.22363995      0.22977692      0.23412423      0.23639930      0.23639689      0.23401603      0.22928001      0.22234672      0.21350802      0.20317740      0.19186668      0.18015301      0.16863897      0.15790878      0.14848446      0.14078547      0.13509570      0.13154045      0.13007586      0.13049170      0.13242760      0.13540156
      0.12976827      0.11958357      0.11034429      0.10249317      0.09636719      0.09217359      0.08997725      0.08970013      0.09113293      0.09395769      0.09777903      0.10216131      0.10666811      0.11090051      0.11453065      0.11732770      0.11917392      0.12006962      0.12012679      0.11955226      0.11862215      0.11765040      0.11695438      0.11682106      0.11747700      0.11906508      0.12163011      0.12511473      0.12936576      0.13415045
      0.14265392      0.14813032      0.15286384      0.15651198      0.15882186      0.15965026      0.15897405      0.15689015      0.15360500      0.14941477      0.14467801      0.13978345      0.13511577      0.13102266      0.12778587      0.12559908      0.12455436      0.12463823      0.12573770      0.12765531      0.13013165      0.13287316      0.13558227      0.13798707      0.13986759      0.14107624      0.14155038      0.14131604      0.14048242      0.13922785
      0.14335108      0.14939631      0.15397934      0.15644667      0.15634545      0.15346692      0.14786707      0.13986274      0.13000337      0.11902121      0.10776462      0.09712076      0.08793475      0.08093310      0.07665832      0.07542083      0.07727275      0.08200560      0.08917239      0.09813162      0.10810905      0.11827140      0.12780480      0.13599072      0.14227207      0.14630335      0.14798002      0.14744454      0.14506843      0.14141229
      0.13885204      0.13970042      0.14028440      0.14047548      0.14016950      0.13929303      0.13780788      0.13571335      0.13304627      0.12987878      0.12631421      0.12248121      0.11852664      0.11460785      0.11088455      0.10751114      0.10462962      0.10236362      0.10081375      0.10005438      0.10013195      0.10106460      0.10284307      0.10543262      0.10877559      0.11279446      0.11739518      0.12247036      0.12790250      0.13356687
      0.12385045      0.10656938      0.09123364      0.07876489      0.06987908      0.06503807      0.06442167      0.06792214      0.07516113      0.08552718      0.09823028      0.11236826      0.12699935      0.14121439      0.15420269      0.16530612      0.17405730      0.18019926      0.18368578      0.18466340      0.18343760      0.18042743      0.17611327      0.17098346      0.16548493      0.15998284      0.15473274      0.14986781      0.14540173      0.14124638
      0.13643970      0.13434374      0.13227554      0.13025471      0.12830561      0.12645793      0.12474649      0.12321006      0.12188948      0.12082495      0.12005296      0.11960305      0.11949469      0.11973469      0.12031538      0.12121382      0.12239221      0.12379942      0.12537378      0.12704679      0.12874747      0.13040721      0.13196446      0.13336905      0.13458570      0.13559645      0.13640172      0.13701998      0.13748590      0.13784731
      0.13960910      0.14147419      0.14319295      0.14468198      0.14585709      0.14663477      0.14693497      0.14668526      0.14582603      0.14431645      0.14214058      0.13931308      0.13588364      0.13193977      0.12760710      0.12304706      0.11845161      0.11403513      0.11002390      0.10664363      0.10410591      0.10259453      0.10225257      0.10317143      0.10538255      0.10885265      0.11348297      0.11911266      0.12552625      0.13246482
      0.13492736      0.13081121      0.12651092      0.12196474      0.11716036      0.11214437      0.10702507      0.10196824      0.09718611      0.09292051      0.08942164      0.08692457      0.08562568      0.08566142      0.08709154      0.08988859      0.09393482      0.09902718      0.10489006      0.11119487      0.11758497      0.12370358      0.12922249      0.13386888      0.13744778      0.13985825      0.14110167      0.14128136      0.14059341      0.13930954
      0.13436115      0.13007453      0.12684382      0.12513586      0.12526676      0.12736974      0.13138052      0.13704153      0.14392469      0.15147062      0.15904056      0.16597610      0.17166112      0.17558012      0.17736730      0.17684179      0.17402572      0.16914326      0.16260076      0.15494984      0.14683670      0.13894262      0.13192103      0.12633714      0.12261577      0.12100231      0.12154043      0.12406876      0.12823666      0.13353783
      0.13489030      0.13107763      0.12787199      0.12555122      0.12431758      0.12428087      0.12544986      0.12773267      0.13094590      0.13483186      0.13908200      0.14336450      0.14735353      0.15075727      0.15334243      0.15495285      0.15552075      0.15506955      0.15370827      0.15161810      0.14903261      0.14621353      0.14342451      0.14090539      0.13884950      0.13738607      0.13656946      0.13637618      0.13670980      0.13741337
      0.13658634      0.13442672      0.13173563      0.12830824      0.12405092      0.11900260      0.11334159      0.10737678      0.10152378      0.09626805      0.09211841      0.08955551      0.08898009      0.09066641      0.09472556      0.10108249      0.10946961      0.11943805      0.13038615      0.14160302      0.15232363      0.16179075      0.16931826      0.17435025      0.17651035      0.17563704      0.17180128      0.16530480      0.15665898      0.14654584
      0.14172973      0.14610069      0.14989056      0.15283208      0.15472877      0.15547074      0.15504278      0.15352406      0.15107960      0.14794431      0.14440111      0.14075515      0.13730668      0.13432474      0.13202447      0.13054966      0.12996240      0.13024043      0.13128244      0.13292068      0.13493942      0.13709766      0.13915363      0.14088877      0.14212895      0.14276079      0.14274169      0.14210251      0.14094280      0.13941912
      0.13564826      0.13285907      0.13080798      0.12982443      0.13013604      0.13184663      0.13492563      0.13921014      0.14441926      0.15017933      0.15605777      0.16160239      0.16638237      0.17002715      0.17225967      0.17292079      0.17198268      0.16955000      0.16584878      0.16120417      0.15600911      0.15068703      0.14565206      0.14127053      0.13782744      0.13550100      0.13434770      0.13429917      0.13517123      0.13668404
      0.14167267      0.14561880      0.14820173      0.14885398      0.14724357      0.14332090      0.13733600      0.12982377      0.12155838      0.11348074      0.10660597      0.10191953      0.10027233      0.10228506      0.10827140      0.11818821      0.13161804      0.14778675      0.16561533      0.18380196      0.20092745      0.21557484      0.22645249      0.23250951      0.23303299      0.22771792      0.21670313      0.20056965      0.18030112      0.15720949
      0.14607142      0.15562316      0.16380814      0.17000124      0.17374798      0.17480233      0.17314570      0.16898564      0.16273441      0.15496955      0.14638013      0.13770388      0.12966078      0.12288951      0.11789233      0.11499357      0.11431525      0.11577195      0.11908510      0.12381515      0.12940820      0.13525268      0.14074032      0.14532575      0.14857880      0.15022471      0.15016841      0.14850060      0.14548525      0.14152988
      0.12671913      0.11289263      0.10056286      0.09044402      0.08309787      0.07889742      0.07800524      0.08036801      0.08572742      0.09364604      0.10354577      0.11475528      0.12656233      0.13826646      0.14922762      0.15890710      0.16689745      0.17293966      0.17692674      0.17889433      0.17900001      0.17749392      0.17468425      0.17090109      0.16646255      0.16164634      0.15666942      0.15167753      0.14674495      0.14188414
      0.13736835      0.13641108      0.13538121      0.13424735      0.13298944      0.13160130      0.13009196      0.12848570      0.12682080      0.12514700      0.12352212      0.12200790      0.12066560      0.11955170      0.11871400      0.11818849      0.11799731      0.11814774      0.11863256      0.11943139      0.12051308      0.12183873      0.12336520      0.12504857      0.12684733      0.12872499      0.13065193      0.13260616      0.13457322      0.13654503
      0.13024598      0.12073036      0.11229431      0.10542771      0.10048134      0.09763684      0.09689259      0.09806659      0.10081634      0.10467351      0.10909037      0.11349339      0.11733900      0.12016632      0.12164165      0.12159079      0.12001589      0.11709534      0.11316674      0.10869450      0.10422507      0.10033420      0.09757106      0.09640452      0.09717678      0.10006865      0.10507977      0.11202576      0.12055250      0.13016630
      0.13161231      0.12360738      0.11617545      0.10961304      0.10418522      0.10011567      0.09757767      0.09668678      0.09749511      0.09998789      0.10408225      0.10962869      0.11641528      0.12417453      0.13259297      0.14132315      0.14999758      0.15824422      0.16570278      0.17204111      0.17697089      0.18026175      0.18175308      0.18136290      0.17909298      0.17503016      0.16934348      0.16227712      0.15413968      0.14529003
      0.14586046      0.15499564      0.16242990      0.16739436      0.16934332      0.16800312      0.16339608      0.15583750      0.14590593      0.13438971      0.12221480      0.11036060      0.09977161      0.09127319      0.08549913      0.08283770      0.08340092      0.08701988      0.09326617      0.10149725      0.11092110      0.12067416      0.12990467      0.13785379      0.14392654      0.14774593      0.14918527      0.14837561      0.14568774      0.14169074
      0.14578231      0.15491438      0.16256710      0.16807869      0.17098938      0.17108463      0.16841521      0.16329212      0.15625679      0.14802949      0.13944071      0.13135202      0.12457395      0.11978855      0.11748406      0.11790785      0.12104209      0.12660448      0.13407406      0.14273968      0.15176653      0.16027459      0.16742155      0.17248245      0.17491848      0.17442846      0.17097823      0.16480504      0.15639653      0.14644628
      0.13702781      0.13584600      0.13506202      0.13484398      0.13529417      0.13643572      0.13820747      0.14046751      0.14300537      0.14556153      0.14785261      0.14959971      0.15055724      0.15053939      0.14944160      0.14725481      0.14407109      0.14007970      0.13555397      0.13082991      0.12627841      0.12227353      0.11915964      0.11722049      0.11665306      0.11754854      0.11988237      0.12351422      0.12819810      0.13360174
      0.13948903      0.14103854      0.14208611      0.14242865      0.14195652      0.14067166      0.13869352      0.13625194      0.13366749      0.13132096      0.12961478      0.12893026      0.12958469      0.13179266      0.13563570      0.14104332      0.14778791      0.15549426      0.16366353      0.17170969      0.17900557      0.18493459      0.18894350      0.19059155      0.18959159      0.18583911      0.17942673      0.17064229      0.15995078      0.14796125
      0.13922390      0.14053107      0.14154251      0.14212002      0.14215898      0.14159625      0.14041471      0.13864413      0.13635832      0.13366891      0.13071640      0.12765908      0.12466111      0.12188048      0.11945809      0.11750863      0.11611417      0.11532067      0.11513768      0.11554112      0.11647853      0.11787645      0.11964874      0.12170539      0.12396054      0.12633923      0.12878216      0.13124796      0.13371317      0.13616965
      0.14503686      0.15323871      0.16000327      0.16468740      0.16684408      0.16626454      0.16299796      0.15734687      0.14983862      0.14117572      0.13216967      0.12366454      0.11645740      0.11122335      0.10845192      0.10840107      0.11107292      0.11621373      0.12333789      0.13177380      0.14072727      0.14935648      0.15685134      0.16250989      0.16580448      0.16643139      0.16433946      0.15973471      0.15306085      0.14495718
      0.13216739      0.12483034      0.11798026      0.11187972      0.10677684      0.10289842      0.10044189      0.09956623      0.10038239      0.10294370      0.10723732      0.11317746      0.12060147      0.12926963      0.13886921      0.14902334      0.15930460      0.16925299      0.17839760      0.18628073      0.19248315      0.19664882      0.19850743      0.19789305      0.19475747      0.18917707      0.18135261      0.17160143      0.16034266      0.14807604
      0.14180403      0.14673152      0.15212525      0.15818160      0.16501847      0.17265832      0.18102022      0.18992162      0.19908964      0.20818101      0.21680869      0.22457274      0.23109276      0.23603875      0.23915770      0.24029347      0.23939826      0.23653459      0.23186781      0.22564994      0.21819627      0.20985733      0.20098850      0.19192044      0.18293304      0.17423519      0.16595236      0.15812294      0.15070368      0.14358346
      0.13444205      0.13018009      0.12679869      0.12469324      0.12414050      0.12527282      0.12806576      0.13234020      0.13777879      0.14395502      0.15037238      0.15650979      0.16186903      0.16601992      0.16863887      0.16953731      0.16867744      0.16617375      0.16228052      0.15736621      0.15187754      0.14629652      0.14109460      0.13668832      0.13340058      0.13143134      0.13084026      0.13154313      0.13332225      0.13584966
      0.13841278      0.13887958      0.13948561      0.14028457      0.14130110      0.14252522      0.14391052      0.14537658      0.14681515      0.14809992      0.14909863      0.14968665      0.14976050      0.14924999      0.14812787      0.14641574      0.14418566      0.14155715      0.13868960      0.13577077      0.13300228      0.13058325      0.12869367      0.12747886      0.12703646      0.12740724      0.12857045      0.13044432      0.13289169      0.13573036
      0.13620473      0.13351428      0.13019499      0.12601311      0.12087628      0.11486017      0.10821602      0.10135792      0.09483046      0.08925971      0.08529184      0.08352558      0.08444490      0.08835893      0.09535531      0.10527211      0.11769191      0.13195932      0.14722138      0.16248783      0.17670641      0.18884693      0.19798664      0.20338953      0.20457226      0.20135063      0.19386226      0.18256291      0.16819660      0.15174156
      0.14474950      0.15254430      0.15880984      0.16286707      0.16425182      0.16276049      0.15847107      0.15173705      0.14315507      0.13350917      0.12369692      0.11464442      0.10721818      0.10214231      0.09992871      0.10082715      0.10479983      0.11152291      0.12041515      0.13069074      0.14143169      0.15167280      0.16049144      0.16709363      0.17088825      0.17154265      0.16901409      0.16355428      0.15568646      0.14615711
      0.14018746      0.14289465      0.14569690      0.14862066      0.15166049      0.15477334      0.15787721      0.16085462      0.16356065      0.16583482      0.16751584      0.16845768      0.16854547      0.16770963      0.16593660      0.16327517      0.15983736      0.15579374      0.15136325      0.14679829      0.14236622      0.13832888      0.13492179      0.13233492      0.13069677      0.13006310      0.13041157      0.13164260      0.13358674      0.13601774
      0.13308443      0.12679925      0.12073879      0.11504676      0.10988658      0.10544201      0.10191293      0.09950606      0.09842107      0.09883317      0.10087376      0.10461115      0.11003325      0.11703460      0.12540931      0.13485147      0.14496361      0.15527348      0.16525826      0.17437490      0.18209439      0.18793761      0.19150982      0.19253112      0.19086018      0.18650917      0.17964843      0.17060021      0.15982157      0.14787761
      0.11614655      0.09002094      0.06800812      0.05196156      0.04318901      0.04233433      0.04932112      0.06336336      0.08304197      0.10643984      0.13132285      0.15534946      0.17628960      0.19223189      0.20176017      0.20408257      0.19910133      0.18741691      0.17026626      0.14940122      0.12691882      0.10505950      0.08599265      0.07160961      0.06334383      0.06203514      0.06785102      0.08027206      0.09814313      0.11978509
      0.11794585      0.09366510      0.07249589      0.05587084      0.04484521      0.04001281      0.04146284      0.04878134      0.06109665      0.07716450      0.09548449      0.11443721      0.13242917      0.14803230      0.16010534      0.16788622      0.17104741      0.16970972      0.16441392      0.15605365      0.14577653      0.13486342      0.12459772      0.11613744      0.11040230      0.10798663      0.10910633      0.11358457      0.12087739      0.13013628
      0.15211717      0.16856247      0.18182670      0.19048619      0.19355116      0.19055934      0.18162007      0.16740486      0.14908534      0.12822436      0.10663068      0.08619069      0.06869322      0.05566365      0.04822309      0.04698560      0.05200330      0.06276407      0.07824233      0.09699767      0.11731221      0.13735337      0.15534692      0.16974372      0.17936450      0.18350906      0.18201954      0.17529190      0.16423459      0.15017839
      0.14633464      0.15611304      0.16427984      0.17010366      0.17306119      0.17288279      0.16957507      0.16341828      0.15493910      0.14486112      0.13403805      0.12337567      0.11374989      0.10592850      0.10050381      0.09784237      0.09805623      0.10099816      0.10628124      0.11332050      0.12139252      0.12970733      0.13748545      0.14403277      0.14880622      0.15146380      0.15189458      0.15022554      0.14680513      0.14216492
      0.14168685      0.14573767      0.14861179      0.14979651      0.14895587      0.14596771      0.14093977      0.13420311      0.12628347      0.11785315      0.10966786      0.10249461      0.09703749      0.09386835      0.09336913      0.09569153      0.10073778      0.10816480      0.11741140      0.12774623      0.13833212      0.14830101      0.15683240      0.16322827      0.16697721      0.16780200      0.16568597      0.16087573      0.15385985      0.14532539
      0.14023609      0.14272569      0.14467569      0.14582857      0.14598196      0.14500224      0.14283310      0.13949856      0.13510037      0.12980997      0.12385607      0.11750861      0.11106070      0.10480984      0.09903992      0.09400523      0.08991771      0.08693799      0.08517074      0.08466426      0.08541395      0.08736893      0.09044091      0.09451424      0.09945610      0.10512576      0.11138208      0.11808891      0.12511775      0.13234816
      0.12024070      0.09860689      0.07946327      0.06396562      0.05297854      0.04700996      0.04617671      0.05020398      0.05845841      0.07001136      0.08372649      0.09836325      0.11268688      0.12557492      0.13611043      0.14365398      0.14788804      0.14883033      0.14681561      0.14244823      0.13653065      0.12997521      0.12370788      0.11857366      0.11525249      0.11419407      0.11557736      0.11929870      0.12498917      0.13205931
      0.13784711      0.13756844      0.13738054      0.13734218      0.13752066      0.13799174      0.13883723      0.14014006      0.14197718      0.14441089      0.14747928      0.15118687      0.15549649      0.16032340      0.16553266      0.17094028      0.17631865      0.18140606      0.18592014      0.18957419      0.19209551      0.19324428      0.19283162      0.19073527      0.18691167      0.18140325      0.17434027      0.16593672      0.15648068      0.14631933
      0.14963274      0.16317372      0.17411318      0.18127112      0.18380422      0.18128010      0.17371433      0.16156712      0.14570003      0.12729715      0.10775784      0.08857136      0.07118488      0.05687694      0.04664816      0.04113882      0.04058084      0.04478798      0.05318481      0.06487118      0.07871565      0.09346866      0.10788449      0.12084016      0.13144005      0.13909625      0.14357715      0.14501989      0.14390576      0.14100117
      0.13799357      0.13764789      0.13681391      0.13528133      0.13291618      0.12967698      0.12562190      0.12090616      0.11577002      0.11051833      0.10549356      0.10104492      0.09749635      0.09511653      0.09409366      0.09451745      0.09637008      0.09952688      0.10376696      0.10879253      0.11425537      0.11978782      0.12503559      0.12968914      0.13351083      0.13635525      0.13818087      0.13905186      0.13913004      0.13865754
      0.14108210      0.14467342      0.14778131      0.15017202      0.15165752      0.15210700      0.15145432      0.14970097      0.14691455      0.14322282      0.13880412      0.13387479      0.12867476      0.12345246      0.11845002      0.11388999      0.10996431      0.10682625      0.10458560      0.10330716      0.10301229      0.10368305      0.10526828      0.10769077      0.11085478      0.11465307      0.11897301      0.12370102      0.12872548      0.13393782
      0.13349372      0.12794594      0.12310368      0.11929543      0.11676835      0.11566973      0.11603697      0.11779694      0.12077452      0.12470958      0.12928064      0.13413317      0.13890983      0.14327995      0.14696574      0.14976279      0.15155336      0.15231133      0.15209866      0.15105387      0.14937404      0.14729199      0.14505119      0.14288078      0.14097314      0.13946625      0.13843237      0.13787411      0.13772813      0.13787590
      0.13520344      0.13198900      0.12982020      0.12912928      0.13016444      0.13295338      0.13729037      0.14274849      0.14871614      0.15445471      0.15917197      0.16210409      0.16259836      0.16018833      0.15465379      0.14605922      0.13476641      0.12141919      0.10690106      0.09226878      0.07866756      0.06723520      0.05900360      0.05480666      0.05520290      0.06042001      0.07032669      0.08443467      0.10193099      0.12173819
      0.13256860      0.12590799      0.12009809      0.11552802      0.11248079      0.11110993      0.11142786      0.11330699      0.11649344      0.12063193      0.12529958      0.13004534      0.13443153      0.13807343      0.14067344      0.14204653      0.14213492      0.14101045      0.13886476      0.13598825      0.13273994      0.12951111      0.12668635      0.12460573      0.12353161      0.12362340      0.12492252      0.12734903      0.13071016      0.13471985
