#cell center,    ave flux mat1,   flux dev mat1,    ave flux mat2,   flux dev mat2
      0.0005000      2.0336988      0.6969762      2.4560896      7.3962176
      0.0015000      2.0354898      0.7054673      2.4595604      7.3719049
      0.0025000      2.0313348      0.7044907      2.4150139      7.2232316
      0.0035000      2.0273240      0.7045347      2.3870433      7.1172030
      0.0045000      2.0244141      0.7037397      2.3513520      6.9999223
      0.0055000      2.0229326      0.7014133      2.3089107      6.8833433
      0.0065000      2.0205693      0.6993194      2.2753938      6.7823440
      0.0075000      2.0172393      0.6991625      2.2548815      6.7111736
      0.0085000      2.0155293      0.6978614      2.2217913      6.6165681
      0.0095000      2.0124354      0.6964616      2.2013653      6.5525664
      0.0105000      2.0109481      0.6958016      2.1709483      6.4780777
      0.0115000      2.0093317      0.6927113      2.1419029      6.3922302
      0.0125000      2.0059950      0.6928225      2.1293566      6.3452611
      0.0135000      2.0043681      0.6922022      2.1050314      6.2826695
      0.0145000      2.0035601      0.6888440      2.0709535      6.2046097
      0.0155000      2.0024074      0.6878867      2.0473076      6.1413301
      0.0165000      2.0008017      0.6875794      2.0248944      6.0842983
      0.0175000      1.9983133      0.6865224      2.0073543      6.0261944
      0.0185000      1.9965731      0.6855944      1.9883836      5.9684760
      0.0195000      1.9950303      0.6828090      1.9649128      5.9143084
      0.0205000      1.9931812      0.6810458      1.9474179      5.8731877
      0.0215000      1.9920385      0.6801898      1.9256653      5.8230883
      0.0225000      1.9911101      0.6774894      1.8972972      5.7586842
      0.0235000      1.9895747      0.6761328      1.8793916      5.7069729
      0.0245000      1.9879277      0.6754600      1.8629436      5.6631118
      0.0255000      1.9843705      0.6763494      1.8614858      5.6354840
      0.0265000      1.9829370      0.6745053      1.8414974      5.5789554
      0.0275000      1.9818121      0.6730056      1.8214735      5.5375985
      0.0285000      1.9799778      0.6709105      1.8067899      5.4920428
      0.0295000      1.9765380      0.6721799      1.8052450      5.4771288
      0.0305000      1.9739303      0.6715284      1.7945241      5.4415451
      0.0315000      1.9727341      0.6705031      1.7768499      5.4080478
      0.0325000      1.9704134      0.6694092      1.7685255      5.3777691
      0.0335000      1.9689282      0.6686887      1.7527729      5.3403968
      0.0345000      1.9669503      0.6674964      1.7392004      5.2994450
      0.0355000      1.9645469      0.6676062      1.7311028      5.2719921
      0.0365000      1.9627258      0.6678071      1.7192265      5.2330745
      0.0375000      1.9607260      0.6675858      1.7094878      5.2031567
      0.0385000      1.9594768      0.6656660      1.6904694      5.1507114
      0.0395000      1.9574808      0.6653883      1.6802786      5.1253740
      0.0405000      1.9555303      0.6646721      1.6698683      5.0935622
      0.0415000      1.9538875      0.6631569      1.6556784      5.0521141
      0.0425000      1.9521175      0.6616756      1.6412204      5.0194965
      0.0435000      1.9492559      0.6626205      1.6400462      5.0121716
      0.0445000      1.9468019      0.6622014      1.6322673      4.9827539
      0.0455000      1.9447885      0.6618675      1.6229072      4.9587089
      0.0465000      1.9431252      0.6605310      1.6096974      4.9207579
      0.0475000      1.9408371      0.6607221      1.6047791      4.9095452
      0.0485000      1.9381851      0.6604267      1.6005608      4.8875022
      0.0495000      1.9359069      0.6604847      1.5938518      4.8663750
      0.0505000      1.9331929      0.6607882      1.5907122      4.8514753
      0.0515000      1.9315801      0.6603164      1.5772606      4.8203542
      0.0525000      1.9303976      0.6582658      1.5589983      4.7721312
      0.0535000      1.9283750      0.6572911      1.5497193      4.7462652
      0.0545000      1.9259402      0.6577380      1.5443118      4.7311118
      0.0555000      1.9243440      0.6570190      1.5317405      4.6950155
      0.0565000      1.9227607      0.6568868      1.5205393      4.6630836
      0.0575000      1.9204620      0.6572520      1.5142074      4.6385658
      0.0585000      1.9177211      0.6576305      1.5123864      4.6177499
      0.0595000      1.9156696      0.6573909      1.5048095      4.5976074
      0.0605000      1.9146097      0.6559544      1.4870837      4.5594968
      0.0615000      1.9119763      0.6558874      1.4833979      4.5383111
      0.0625000      1.9091424      0.6563677      1.4818804      4.5258913
      0.0635000      1.9066480      0.6570473      1.4776578      4.5056372
      0.0645000      1.9046744      0.6566349      1.4685193      4.4774378
      0.0655000      1.9019954      0.6570901      1.4655439      4.4668148
      0.0665000      1.8997665      0.6568962      1.4582795      4.4363308
      0.0675000      1.8973087      0.6581810      1.4539863      4.4247076
      0.0685000      1.8952163      0.6583570      1.4469127      4.3939662
      0.0695000      1.8924929      0.6587503      1.4455104      4.3776899
      0.0705000      1.8894553      0.6602668      1.4455662      4.3749602
      0.0715000      1.8875478      0.6601870      1.4364753      4.3424964
      0.0725000      1.8853040      0.6601367      1.4301518      4.3216862
      0.0735000      1.8838035      0.6594460      1.4156152      4.2849627
      0.0745000      1.8823862      0.6586501      1.4021711      4.2446120
      0.0755000      1.8802086      0.6588388      1.3944987      4.2224753
      0.0765000      1.8797179      0.6571749      1.3732536      4.1785878
      0.0775000      1.8787678      0.6553583      1.3553515      4.1284483
      0.0785000      1.8771091      0.6542511      1.3432220      4.0963374
      0.0795000      1.8737564      0.6563314      1.3480311      4.1060538
      0.0805000      1.8717887      0.6561029      1.3388619      4.0743302
      0.0815000      1.8704764      0.6559032      1.3231075      4.0375887
      0.0825000      1.8695768      0.6548245      1.3057281      3.9919884
      0.0835000      1.8679934      0.6539158      1.2934523      3.9484889
      0.0845000      1.8662616      0.6543164      1.2825618      3.9215642
      0.0855000      1.8647122      0.6542979      1.2704939      3.8902404
      0.0865000      1.8629555      0.6545032      1.2595591      3.8505457
      0.0875000      1.8616618      0.6545408      1.2466192      3.8107712
      0.0885000      1.8592549      0.6552845      1.2415649      3.7863063
      0.0895000      1.8569970      0.6564271      1.2361252      3.7643487
      0.0905000      1.8559082      0.6559545      1.2203142      3.7206310
      0.0915000      1.8550157      0.6542278      1.2012326      3.6723009
      0.0925000      1.8538900      0.6532421      1.1856838      3.6305682
      0.0935000      1.8518819      0.6531707      1.1765617      3.5966990
      0.0945000      1.8488451      0.6550224      1.1776672      3.5972902
      0.0955000      1.8473136      0.6555175      1.1646732      3.5648103
      0.0965000      1.8462017      0.6545336      1.1461825      3.5192475
      0.0975000      1.8454782      0.6535707      1.1266602      3.4638346
      0.0985000      1.8440328      0.6528700      1.1124978      3.4186711
      0.0995000      1.8430789      0.6519591      1.0934345      3.3713877
