   -0.982412         0.000000     
   -0.947236         0.000000     
   -0.912060         0.000000     
   -0.876884         0.000000     
   -0.841709         0.000000     
   -0.806533         0.000000     
   -0.771357         0.000000     
   -0.736181        10.575429     
   -0.701005         0.540143     
   -0.665829         0.796000     
   -0.630653         0.597000     
   -0.595477         0.540143     
   -0.560302         0.739143     
   -0.525126         0.454857     
   -0.489950         0.426429     
   -0.454774         0.511714     
   -0.419598         0.312714     
   -0.384422         0.369571     
   -0.349246         0.341143     
   -0.314070         0.312714     
   -0.278894         0.284286     
   -0.243719         0.398000     
   -0.208543         0.369571     
   -0.173367         0.426429     
   -0.138191         0.170571     
   -0.103015         0.369571     
   -0.067839         0.170571     
   -0.032663         0.170571     
    0.002513         0.341143     
    0.037688         0.199000     
    0.072864         0.284286     
    0.108040         0.369571     
    0.143216         0.284286     
    0.178392         0.170571     
    0.213568         0.426429     
    0.248744         0.142143     
    0.283920         0.255857     
    0.319095         0.199000     
    0.354271         0.341143     
    0.389447         0.170571     
    0.424623         0.113714     
    0.459799         0.227429     
    0.494975         0.199000     
    0.530151         0.056857     
    0.565327         0.227429     
    0.600503         0.170571     
    0.635678         0.284286     
    0.670854         0.170571     
    0.706030         0.085286     
    0.741206         0.085286     
    0.776382         0.142143     
    0.811558         0.142143     
    0.846734         0.085286     
    0.881910         0.227429     
    0.917085         0.056857     
    0.952261         0.170571     
    0.987437         0.085286     
    1.022613         0.085286     
    1.057789         0.028429     
    1.092965         0.142143     
    1.128141         0.085286     
    1.163317         0.199000     
    1.198492         0.056857     
    1.233668         0.085286     
    1.268844         0.113714     
    1.304020         0.085286     
    1.339196         0.142143     
    1.374372         0.085286     
    1.409548         0.028429     
    1.444724         0.056857     
    1.479899         0.056857     
    1.515075         0.028429     
    1.550251         0.056857     
    1.585427         0.056857     
    1.620603         0.056857     
    1.655779         0.000000     
    1.690955         0.028429     
    1.726131         0.056857     
    1.761307         0.056857     
    1.796482         0.113714     
    1.831658         0.056857     
    1.866834         0.056857     
    1.902010         0.113714     
    1.937186         0.056857     
    1.972362         0.028429     
    2.007538         0.085286     
    2.042714         0.056857     
    2.077889         0.170571     
    2.113065         0.000000     
    2.148241         0.028429     
    2.183417         0.028429     
    2.218593         0.000000     
    2.253769         0.028429     
    2.288945         0.056857     
    2.324121         0.085286     
    2.359296         0.000000     
    2.394472         0.056857     
    2.429648         0.000000     
    2.464824         0.056857     
    2.500000         0.113714     
    2.535176         0.056857     
    2.570352         0.028429     
    2.605528         0.000000     
    2.640704         0.085286     
    2.675879         0.028429     
    2.711055         0.028429     
    2.746231         0.056857     
    2.781407         0.028429     
    2.816583         0.028429     
    2.851759         0.000000     
    2.886935         0.028429     
    2.922111         0.028429     
    2.957286         0.000000     
    2.992462         0.000000     
    3.027638         0.028429     
    3.062814         0.000000     
    3.097990         0.000000     
    3.133166         0.028429     
    3.168342         0.028429     
    3.203518         0.000000     
    3.238693         0.028429     
    3.273869         0.000000     
    3.309045         0.028429     
    3.344221         0.028429     
    3.379397         0.085286     
    3.414573         0.000000     
    3.449749         0.028429     
    3.484925         0.000000     
    3.520101         0.000000     
    3.555276         0.000000     
    3.590452         0.000000     
    3.625628         0.000000     
    3.660804         0.028429     
    3.695980         0.000000     
    3.731156         0.028429     
    3.766332         0.056857     
    3.801508         0.000000     
    3.836683         0.000000     
    3.871859         0.000000     
    3.907035         0.000000     
    3.942211         0.000000     
    3.977387         0.028429     
    4.012563         0.000000     
    4.047739         0.028429     
    4.082915         0.000000     
    4.118090         0.028429     
    4.153266         0.000000     
    4.188442         0.056857     
    4.223618         0.000000     
    4.258794         0.028429     
    4.293970         0.028429     
    4.329146         0.000000     
    4.364322         0.000000     
    4.399497         0.000000     
    4.434673         0.000000     
    4.469849         0.000000     
    4.505025         0.000000     
    4.540201         0.028429     
    4.575377         0.000000     
    4.610553         0.000000     
    4.645729         0.000000     
    4.680905         0.000000     
    4.716080         0.000000     
    4.751256         0.000000     
    4.786432         0.000000     
    4.821608         0.000000     
    4.856784         0.000000     
    4.891960         0.000000     
    4.927136         0.000000     
    4.962312         0.000000     
    4.997487         0.000000     
    5.032663         0.000000     
    5.067839         0.000000     
    5.103015         0.000000     
    5.138191         0.000000     
    5.173367         0.000000     
    5.208543         0.000000     
    5.243719         0.000000     
    5.278894         0.000000     
    5.314070         0.000000     
    5.349246         0.000000     
    5.384422         0.000000     
    5.419598         0.000000     
    5.454774         0.000000     
    5.489950         0.000000     
    5.525126         0.028429     
    5.560302         0.000000     
    5.595477         0.000000     
    5.630653         0.000000     
    5.665829         0.000000     
    5.701005         0.000000     
    5.736181         0.000000     
    5.771357         0.000000     
    5.806533         0.000000     
    5.841709         0.000000     
    5.876884         0.000000     
    5.912060         0.000000     
    5.947236         0.000000     
    5.982412         0.000000     
    6.017588         0.000000     
