     31         9.043303308    0.02115060381781
     31         9.045283308    0.04250905401818
     31         9.047263308    0.06409574971686
     31         9.049243308    0.08593189902974
     31         9.051223308    0.10803960856407
     31         9.053203308    0.13044198004779
     31         9.055183308    0.15316321503912
     31         9.057163308    0.17622872877559
     31         9.059143308    0.19966527435735
     31         9.061123308    0.22350107861739
     31         9.063103308    0.24776599121503
     31         9.065083308    0.27249164870335
     31         9.067063308    0.29771165557134
     31         9.069043308    0.32346178455445
     31         9.071023308    0.34978019885080
     31         9.073003308    0.37670769928445
     31         9.074983308    0.40428799993361
     31         9.076963308    0.43256803630535
     31         9.078943308    0.46159831080666
     31         9.080923308    0.49143328105775
     31         9.082903308    0.52213179754218
     31         9.084883308    0.55375759822736
     31         9.086863308    0.58637986915600
     31         9.088843308    0.62007388166098
     31         9.090823308    0.65492171885672
     31         9.092803308    0.69101310649497
     31         9.094783308    0.72844636624915
     31         9.096763308    0.76732951314445
     31         9.098743308    0.80778152335903
     31         9.100723308    0.84993380420985
     31         9.102703308    0.89393190510292
     31         9.104683308    0.93993751695887
     31         9.106663308    0.98813081863178
     31         9.108643308    1.03871324280183
     31         9.110623308    1.09191075164825
     31         9.112603308    1.14797773552510
     31         9.114583308    1.20720167753424
     31         9.116563308    1.26990876560783
     31         9.118543308    1.33647068464649
     31         9.120523308    1.40731288884778
     31         9.122503308    1.48292474488228
     31         9.124483308    1.56387205901540
     31         9.126463308    1.65081266864851
     31         9.128443308    1.74451601016295
     31         9.130423308    1.84588789882553
     31         9.132403308    1.95600221581138
     31         9.134383308    2.07614185810222
     31         9.136363308    2.20785227228053
     31         9.138343308    2.35301232747536
     31         9.140323308    2.51392945353530
     31         9.142303308    2.69346932367045
     31         9.144283308    2.89523565792650
     31         9.146263308    3.12382430335680
     31         9.148243308    3.38519003565929
     31         9.150223308    3.68718908403918
     31         9.152203308    4.04040411609876
     31         9.154183308    4.45943955536324
     31         9.156163308    4.96503290956115
     31         9.158143308    5.58765220592302
     31         9.160123308    6.37396209443114
     31         9.162103308    7.39923646582588
     31         9.164083308    8.79325263813587
     31         9.166063308   10.80052598359441
     31         9.168043308   13.94309307846407
     31         9.170023308   19.57021954374793
     31         9.172003308   32.57194145070753
     31         9.173983308   95.14822499846709
     31         9.175963308  105.31704634160359
     31         9.177943308   34.09202215757274
     31         9.179923308   20.39996516271163
     31         9.181903308   14.58268518792448
     31         9.183883308   11.36187097910935
     31         9.185863308    9.31499049066674
     31         9.187843308    7.89819499572689
     31         9.189823308    6.85862914699643
     31         9.191803308    6.06276843245978
     31         9.193783308    5.43345266597140
     31         9.195763308    4.92298366864380
     31         9.197743308    4.50028861571561
     31         9.199723308    4.14425695864409
     31         9.201703308    3.84004404622942
     31         9.203683308    3.57690684489985
     31         9.205663308    3.34687875769758
     31         9.207643308    3.14392703649701
     31         9.209623308    2.96339948216614
     31         9.211603308    2.80165082862135
     31         9.213583308    2.65578422850676
     31         9.215563308    2.52346849092327
     31         9.217543308    2.40280637987668
     31         9.219523308    2.29223807072896
     31         9.221503308    2.19046928122129
     31         9.223483308    2.09641702019096
     31         9.225463308    2.00916811313433
     31         9.227443308    1.92794712649415
     31         9.229423308    1.85209129614281
     31         9.231403308    1.78103073825305
     31         9.233383308    1.71427268806224
     31         9.235363308    1.65138884134481
     31         9.237343308    1.59200510855518
     31         9.239323308    1.53579326158495
     31         9.241303308    1.48246407735937
     31         9.243283308    1.43176167433564
     31         9.245263308    1.38345880650408
     31         9.247243308    1.33735293112057
     31         9.249223308    1.29326290562755
     31         9.251203308    1.25102619927303
     31         9.253183308    1.21049652813813
     31         9.255163308    1.17154184032533
     31         9.257143308    1.13404259218642
     31         9.259123308    1.09789026760261
     31         9.261103308    1.06298610115755
     31         9.263083308    1.02923997308627
     31         9.265063308    0.99656944953066
     31         9.267043308    0.96489894618672
     31         9.269023308    0.93415899711917
     31         9.271003308    0.90428561352467
     31         9.272983308    0.87521971968287
     31         9.274963308    0.84690665535494
     31         9.276943308    0.81929573555514
     31         9.278923308    0.79233986000211
     31         9.280903308    0.76599516570397
     31         9.282883308    0.74022071708944
     31         9.284863308    0.71497822889959
     31         9.286843308    0.69023181772876
     31         9.288823308    0.66594777867165
     31         9.290803308    0.64209438401373
     31         9.292783308    0.61864170130962
     31         9.294763308    0.59556142854047
     31         9.296743308    0.57282674433609
     31         9.298723308    0.55041217150021
     31         9.300703308    0.52829345229273
     31         9.302683308    0.50644743410800
     31         9.304663308    0.48485196434717
     31         9.306643308    0.46348579341951
     31         9.308623308    0.44232848492521
     31         9.310603308    0.42136033217363
     31         9.312583308    0.40056228027838
     31         9.314563308    0.37991585314571
     31         9.316543308    0.35940308473709
     31         9.318523308    0.33900645404256
     31         9.320503308    0.31870882324806
     31         9.322483308    0.29849337862019
     31         9.324463308    0.27834357366529
     31         9.326443308    0.25824307414702
     31         9.328423308    0.23817570456952
     31         9.330403308    0.21812539575010
     31         9.332383308    0.19807613311876
     31         9.334363308    0.17801190538998
     31         9.336343308    0.15791665325699
     31         9.338323308    0.13777421775857
     31         9.340303308    0.11756828796506
     31         9.342283308    0.09728234762167
     31         9.344263308    0.07689962037558
     31         9.346243308    0.05640301319581
     31         9.348223308    0.03577505757358
     31         9.350203308    0.01499784806381
     31         9.352183308    0.00594702230435
     31         9.354163308    0.02707853025888
     32         9.356143308    0.04841629471545
     32         9.358123308    0.06998065401849
     32         9.360103308    0.09179274866758
     32         9.362083308    0.11387461027741
     32         9.364063308    0.13624925760548
     32         9.366043308    0.15894080058112
     32         9.368023308    0.18197455338489
     32         9.370003308    0.20537715776156
     32         9.371983308    0.22917671790598
     32         9.373963308    0.25340294844246
     32         9.375943308    0.27808733723002
     32         9.377923308    0.30326332497289
     32         9.379903308    0.32896650390491
     32         9.381883308    0.35523483815567
     32         9.383863308    0.38210890880498
     32         9.385843308    0.40963218710288
     32         9.387823308    0.43785133988804
     32         9.389803308    0.46681657189705
     32         9.391783308    0.49658201044154
     32         9.393763308    0.52720613886625
     32         9.395743308    0.55875228632257
     32         9.397723308    0.59128918274002
     32         9.399703308    0.62489158950459
     32         9.401683308    0.65964101832309
     32         9.403663308    0.69562655314929
     32         9.405643308    0.73294579297615
     32         9.407623308    0.77170593689184
     32         9.409603308    0.81202503722950
     32         9.411583308    0.85403345213329
     32         9.413563308    0.89787553570708
     32         9.415543308    0.94371161248523
     32         9.417523308    0.99172029376930
     32         9.419503308    1.04210120707099
     32         9.421483308    1.09507822738088
     32         9.423463308    1.15090332143788
     32         9.425443308    1.20986114523469
     32         9.427423308    1.27227457288932
     32         9.429403308    1.33851138483074
     32         9.431383308    1.40899240930790
     32         9.433363308    1.48420149964103
     32         9.435343308    1.56469784911975
     32         9.437323308    1.65113130864712
     32         9.439303308    1.74426159764688
     32         9.441283308    1.84498261392300
     32         9.443263308    1.95435349463064
     32         9.445243308    2.07363872200998
     32         9.447223308    2.20436050353139
     32         9.449203308    2.34836804490485
     32         9.451183308    2.50793043323724
     32         9.453163308    2.68586308410642
     32         9.455143308    2.88570280954215
     32         9.457123308    3.11195481210919
     32         9.459103308    3.37044861530065
     32         9.461083308    3.66886343173437
     32         9.463063308    4.01752518180997
     32         9.465043308    4.43065448878578
     32         9.467023308    4.92839435394727
     32         9.469003308    5.54025184801592
     32         9.470983308    6.31125553530473
     32         9.472963308    7.31370725500375
     32         9.474943308    8.67151634726216
     32         9.476923308   10.61624732934921
     32         9.478903308   13.63647944085003
     32         9.480883308   18.97132666090729
     32         9.482863308   30.95016498935498
     32         9.484843308   82.57877702536031
     32         9.486823308  126.43927146038790
     32         9.488803308   36.01772455472945
     32         9.490783308   21.06430730283655
     32         9.492763308   14.91314609753411
     32         9.494743308   11.55738434150182
     32         9.496723308    9.44289867026451
     32         9.498703308    7.98748344527592
     32         9.500683308    6.92380386726147
     32         9.502663308    6.11188593775662
     32         9.504643308    5.47134327580569
     32         9.506623308    4.95271849166399
     32         9.508603308    4.52391320105511
     32         9.510583308    4.16318622356217
     32         9.512563308    3.85528782690070
     32         9.514543308    3.58920513800095
     32         9.516523308    3.35678618713140
     32         9.518503308    3.15186746969673
     32         9.520483308    2.96970241578041
     32         9.522463308    2.80657626741974
     32         9.524443308    2.65954008957880
     32         9.526423308    2.52622302779473
     32         9.528403308    2.40469721312207
     32         9.530383308    2.29337885922307
     32         9.532363308    2.19095472307977
     32         9.534343308    2.09632665170601
     32         9.536323308    2.00856922975092
     32         9.538303308    1.92689705374858
     32         9.540283308    1.85063917328787
     32         9.542263308    1.77921893235226
     32         9.544243308    1.71213792489024
     32         9.546223308    1.64896311712436
     32         9.548203308    1.58931643053508
     32         9.550183308    1.53286625381232
     32         9.552163308    1.47932047943629
     32         9.554143308    1.42842075459101
     32         9.556123308    1.37993770624371
     32         9.558103308    1.33366695301197
     32         9.560083308    1.28942575652409
     32         9.562063308    1.24705019566622
     32         9.564043308    1.20639277078724
     32         9.566023308    1.16732036333460
     32         9.568003308    1.12971249079522
     32         9.569983308    1.09345980815962
     32         9.571963308    1.05846281611854
     32         9.573943308    1.02463074336970
     32         9.575923308    0.99188057615932
     32         9.577903308    0.96013621281510
     32         9.579883308    0.92932772477966
     32         9.581863308    0.89939070870785
     32         9.583843308    0.87026571668903
     32         9.585823308    0.84189775370660
     32         9.587803308    0.81423583313951
     32         9.589783308    0.78723258251103
     32         9.591763308    0.76084389285534
     32         9.593743308    0.73502860604386
     32         9.595723308    0.70974823522694
     32         9.597703308    0.68496671423021
     32         9.599683308    0.66065017232041
     32         9.601663308    0.63676673124267
     32         9.603643308    0.61328632184389
     32         9.605623308    0.59018051794741
     32         9.607603308    0.56742238544315
     32         9.609583308    0.54498634481284
     32         9.611563308    0.52284804552814
     32         9.613543308    0.50098425094701
     32         9.615523308    0.47937273249469
     32         9.617503308    0.45799217205382
     32         9.619483308    0.43682207160758
     32         9.621463308    0.41584266928237
     32         9.623443308    0.39503486102469
     32         9.625423308    0.37438012722335
     32         9.627403308    0.35386046365306
     32         9.629383308    0.33345831617174
     32         9.631363308    0.31315651865146
     32         9.633343308    0.29293823366349
     32         9.635323308    0.27278689547175
     32         9.637303308    0.25268615491715
     32         9.639283308    0.23261982579794
     32         9.641263308    0.21257183236915
     32         9.643243308    0.19252615759723
     32         9.645223308    0.17246679181511
     32         9.647203308    0.15237768142744
     32         9.649183308    0.13224267731638
     32         9.651163308    0.11204548259488
     32         9.653143308    0.09176959934660
     32         9.655123308    0.07139827397984
     32         9.657103308    0.05091444080608
     32         9.659083308    0.03030066343284
     32         9.661063308    0.00953907353371
     32         9.663043308    0.01138869347363
     33         9.665023308    0.03250156634889
     33         9.667003308    0.05381911010388
     33         9.668983308    0.07536160283654
     33         9.670963308    0.09715011799418
     33         9.672943308    0.11920661280770
     33         9.674923308    0.14155402372365
     33         9.676903308    0.16421636975929
     33         9.678883308    0.18721886481978
     33         9.680863308    0.21058804014942
     33         9.682843308    0.23435187824275
     33         9.684823308    0.25853995972077
     33         9.686803308    0.28318362488657
     33         9.688783308    0.30831615191851
     33         9.690763308    0.33397295394502
     33         9.692743308    0.36019179757961
     33         9.694723308    0.38701304588870
     33         9.696703308    0.41447992922878
     33         9.698683308    0.44263884793832
     33         9.700663308    0.47153971151981
     33         9.702643308    0.50123631972147
     33         9.704623308    0.53178679185070
     33         9.706603308    0.56325405175699
     33         9.708583308    0.59570637724982
     33         9.710563308    0.62921802431945
     33         9.712543308    0.66386993846821
     33         9.714523308    0.69975056781966
     33         9.716503308    0.73695679555389
     33         9.718483308    0.77559501275268
     33         9.720463308    0.81578235709577
     33         9.722443308    0.85764814824838
     33         9.724423308    0.90133555750332
     33         9.726403308    0.94700355766065
     33         9.728383308    0.99482920973184
     33         9.730363308    1.04501035649317
     33         9.732343308    1.09776881005178
     33         9.734323308    1.15335414259347
     33         9.736303308    1.21204821794415
     33         9.738283308    1.27417063866736
     33         9.740263308    1.34008533215031
     33         9.742243308    1.41020856370254
     33         9.744223308    1.48501875104244
     33         9.746203308    1.56506857115746
     33         9.748183308    1.65100000965190
     33         9.750163308    1.74356322229552
     33         9.752143308    1.84364038521427
     33         9.754123308    1.95227614420344
     33         9.756103308    2.07071689654625
     33         9.758083308    2.20046204643573
     33         9.760063308    2.34333172006705
     33         9.762043308    2.50155745595536
     33         9.764023308    2.67790551033971
     33         9.766003308    2.87584733472178
     33         9.767983308    3.09979971367915
     33         9.769963308    3.35547019866065
     33         9.771943308    3.65036595031586
     33         9.773923308    3.99456389301364
     33         9.775903308    4.40191339706800
     33         9.777883308    4.89198415308844
     33         9.779863308    5.49335995581534
     33         9.781843308    6.24950457486596
     33         9.783823308    7.22989359098432
     33         9.785803308    8.55289791749145
     33         9.787783308   10.43798307955848
     33         9.789763308   13.34293453724705
     33         9.791743308   18.40790017131989
     33         9.793723308   29.48197702187187
     33         9.795703308   72.93919396613521
     33         9.797683308  158.19519287864316
     33         9.799663308   38.17770982423524
     33         9.801643308   21.77528021203914
     33         9.803623308   15.26028896843150
     33         9.805603308   11.76084729677436
     33         9.807583308    9.57532634555747
     33         9.809563308    8.07967811659587
     33         9.811543308    6.99102821072649
     33         9.813523308    6.16255667629384
     33         9.815503308    5.51047979484584
     33         9.817483308    4.98349882738640
     33         9.819463308    4.54844705017308
     33         9.821443308    4.18292887137477
     33         9.823423308    3.87127553856652
     33         9.825403308    3.60219579918383
     33         9.827383308    3.36734687931034
     33         9.829363308    3.16043095109395
     33         9.831343308    2.97660466560181
     33         9.833323308    2.81208210700069
     33         9.835303308    2.66386107506843
     33         9.837283308    2.52953020349807
     33         9.839263308    2.40713036876075
     33         9.841243308    2.29505336021636
     33         9.843223308    2.19196662500324
     33         9.845203308    2.09675658153004
     33         9.847183308    2.00848536734242
     33         9.849163308    1.92635744790099
     33         9.851143308    1.84969355934295
     33         9.853123308    1.77791017220956
     33         9.855103308    1.71050315786417
     33         9.857083308    1.64703468719502
     33         9.859063308    1.58712263909262
     33         9.861043308    1.53043197504858
     33         9.863023308    1.47666766676568
     33         9.865003308    1.42556885997243
     33         9.866983308    1.37690402939918
     33         9.868963308    1.33046693385074
     33         9.870943308    1.28607322127028
     33         9.872923308    1.24355756502802
     33         9.874903308    1.20277123683298
     33         9.876883308    1.16358004043671
     33         9.878863308    1.12586254497896
     33         9.880843308    1.08950856838449
     33         9.882823308    1.05441787037717
     33         9.884803308    1.02049902197472
     33         9.886783308    0.98766842417565
     33         9.888763308    0.95584945326107
     33         9.890743308    0.92497171394937
     33         9.892723308    0.89497038474586
     33         9.894703308    0.86578564236728
     33         9.896683308    0.83736215420439
     33         9.898663308    0.80964862950387
     33         9.900643308    0.78259742137281
     33         9.902623308    0.75616417289093
     33         9.904603308    0.73030750160141
     33         9.906583308    0.70498871747637
     33         9.908563308    0.68017157014573
     33         9.910543308    0.65582202176231
     33         9.912523308    0.63190804236901
     33         9.914503308    0.60839942505232
     33         9.916483308    0.58526761852142
     33         9.918463308    0.56248557505513
     33         9.920443308    0.54002761201711
     33         9.922423308    0.51786928536117
     33         9.924403308    0.49598727373820
     33         9.926383308    0.47435927197874
     33         9.928363308    0.45296389286596
     33         9.930343308    0.43178057623378
     33         9.932323308    0.41078950452899
     33         9.934303308    0.38997152406572
     33         9.936283308    0.36930807127748
     33         9.938263308    0.34878110333808
     33         9.940243308    0.32837303257967
     33         9.942223308    0.30806666418430
     33         9.944203308    0.28784513666631
     33         9.946183308    0.26769186469764
     33         9.948163308    0.24759048385633
     33         9.950143308    0.22752479690175
     33         9.952123308    0.20747872119839
     33         9.954103308    0.18743623692348
     33         9.956083308    0.16738133570302
     33         9.958063308    0.14729796932582
     33         9.960043308    0.12716999818598
     33         9.962023308    0.10698113910126
     33         9.964003308    0.08671491214719
     33         9.965983308    0.06635458613528
     33         9.967963308    0.04588312234782
     33         9.969943308    0.02528311612030
     33         9.971923308    0.00453673583708
     33         9.973903308    0.01637434112627
     34         9.975883308    0.03746899601832
     34         9.977863308    0.05876674043410
     34         9.979843308    0.08028779274661
     34         9.981823308    0.10205315991154
     34         9.983803308    0.12408472538096
     34         9.985783308    0.14640534394561
     34         9.987763308    0.16903894442258
     34         9.989743308    0.19201064121772
     34         9.991723308    0.21534685592351
     34         9.993703308    0.23907545026494
     34         9.995683308    0.26322587188347
     34         9.997663308    0.28782931465531
     34         9.999643308    0.31291889548161
     34        10.001623308    0.33852984976992
     34        10.003603308    0.36469974815688
     34        10.005583308    0.39146873741116
     34        10.007563308    0.41887980891307
     34        10.009543308    0.44697909864916
     34        10.011523308    0.47581622330138
     34        10.013503308    0.50544465777333
     34        10.015483308    0.53592216040620
     34        10.017463308    0.56731125322651
     34        10.019443308    0.59967976587596
     34        10.021423308    0.63310145345244
     34        10.023403308    0.66765670040118
     34        10.025383308    0.70343332491765
     34        10.027363308    0.74052750115935
     34        10.029343308    0.77904482004086
     34        10.031323308    0.81910151367153
     34        10.033303308    0.86082587380167
     34        10.035283308    0.90435990124870
     34        10.037263308    0.94986123154292
     34        10.039243308    0.99750539244133
     34        10.041223308    1.04748846214178
     34        10.043203308    1.10003021383501
     34        10.045183308    1.15537785379933
     34        10.047163308    1.21381048811988
     34        10.049143308    1.27564448942102
     34        10.051123308    1.34123998266794
     34        10.053103308    1.41100873221335
     34        10.055083308    1.48542379661080
     34        10.057063308    1.56503143152850
     34        10.059043308    1.65046587627108
     34        10.061023308    1.74246787336454
     34        10.063003308    1.84190806919378
     34        10.064983308    1.94981686567496
     34        10.066963308    2.06742289785435
     34        10.068943308    2.19620319270618
     34        10.070923308    2.33794936706931
     34        10.072903308    2.49485618534850
     34        10.074883308    2.66964181404089
     34        10.076863308    2.86571384882215
     34        10.078843308    3.08740281741744
     34        10.080823308    3.34029747673864
     34        10.082803308    3.63173773373193
     34        10.084783308    3.97155898839305
     34        10.086763308    4.37325141556694
     34        10.088743308    4.85583168879426
     34        10.090723308    5.44699624400036
     34        10.092703308    6.18871164083865
     34        10.094683308    7.14776446477851
     34        10.096663308    8.43729468586559
     34        10.098643308   10.26545390397626
     34        10.100623308   13.06164454828074
     34        10.102603308   17.87687836934534
     34        10.104583308   28.14654804412386
     34        10.106563308   65.31221055303048
     34        10.108543308  211.31032906211951
     34        10.110523308   40.61709017878763
     34        10.112503308   22.53776605515796
     34        10.114483308   15.62526297877483
     34        10.116463308   11.97263451871641
     34        10.118443308    9.71241137478043
     34        10.120423308    8.17482559822921
     34        10.122403308    7.06030770976503
     34        10.124383308    6.21476555018724
     34        10.126363308    5.55083586042248
     34        10.128343308    5.01529175230843
     34        10.130323308    4.57385321730577
     34        10.132303308    4.20344538601454
     34        10.134283308    3.88796596616058
     34        10.136263308    3.61583645877341
     34        10.138243308    3.37851766198795
     34        10.140223308    3.16957374037705
     34        10.142203308    2.98406208356003
     34        10.144183308    2.81812390364020
     34        10.146163308    2.66870252559032
     34        10.148143308    2.53334520110053
     34        10.150123308    2.41006091521823
     34        10.152103308    2.29721655963448
     34        10.154083308    2.19345991481522
     34        10.156063308    2.09766169812796
     34        10.158043308    2.00887138957310
     34        10.160023308    1.92628315923619
     34        10.162003308    1.84920930025679
     34        10.163983308    1.77705930665924
     34        10.165963308    1.70932324451612
     34        10.167943308    1.64555842249865
     34        10.169923308    1.58537862242474
     34        10.171903308    1.52844533390363
     34        10.173883308    1.47446057097849
     34        10.175863308    1.42316094729746
     34        10.177843308    1.37431275978157
     34        10.179823308    1.32770788595595
     34        10.181803308    1.28316034196786
     34        10.183783308    1.24050338031988
     34        10.185763308    1.19958703100968
     34        10.187743308    1.16027600891551
     34        10.189723308    1.12244792523350
     34        10.191703308    1.08599175255166
     34        10.193683308    1.05080650247202
     34        10.195663308    1.01680008212101
     34        10.197643308    0.98388830183904
     34        10.199623308    0.95199401113256
     34        10.201603308    0.92104634385098
     34        10.203583308    0.89098005670565
     34        10.205563308    0.86173494782686
     34        10.207543308    0.83325534417050
     34        10.209523308    0.80548964833043
     34        10.211503308    0.77838993675619
     34        10.213483308    0.75191160257458
     34        10.215463308    0.72601303721407
     34        10.217443308    0.70065534586726
     34        10.219423308    0.67580209252945
     34        10.221403308    0.65141907094307
     34        10.223383308    0.62747409827762
     34        10.225363308    0.60393682879831
     34        10.227343308    0.58077858513669
     34        10.229323308    0.55797220508286
     34        10.231303308    0.53549190208077
     34        10.233283308    0.51331313783191
     34        10.235263308    0.49141250560489
     34        10.237243308    0.46976762301296
     34        10.239223308    0.44835703316361
     34        10.241203308    0.42716011320619
     34        10.243183308    0.40615698940871
     34        10.245163308    0.38532845798535
     34        10.247143308    0.36465591097438
     34        10.249123308    0.34412126653293
     34        10.251103308    0.32370690307229
     34        10.253083308    0.30339559670702
     34        10.255063308    0.28317046153200
     34        10.257043308    0.26301489227679
     34        10.259023308    0.24291250891584
     34        10.261003308    0.22284710283618
     34        10.262983308    0.20280258418331
     34        10.264963308    0.18276293001946
     34        10.266943308    0.16271213293844
     34        10.268923308    0.14263414978620
     34        10.270903308    0.12251285013789
     34        10.272883308    0.10233196417890
     34        10.274863308    0.08207502963081
     34        10.276843308    0.06172533735160
     34        10.278823308    0.04126587522387
     34        10.280803308    0.02067926992426
     34        10.282783308    0.00005227385824
     34        10.284763308    0.02094703721895
     35        10.286743308    0.04202385434995
     35        10.288723308    0.06330218391407
     35        10.290703308    0.08480218507799
     35        10.292683308    0.10654479886306
     35        10.294663308    0.12855183554366
     35        10.296643308    0.15084606890561
     35        10.298623308    0.17345133827287
     35        10.300603308    0.19639265932266
     35        10.302583308    0.21969634483813
     35        10.304563308    0.24339013669854
     35        10.306543308    0.26750335058160
     35        10.308523308    0.29206703505682
     35        10.310503308    0.31711414698666
     35        10.312483308    0.34267974543077
     35        10.314463308    0.36880120657502
     35        10.316443308    0.39551846259103
     35        10.318423308    0.42287426778309
     35        10.320403308    0.45091449591457
     35        10.322383308    0.47968847323782
     35        10.324363308    0.50924935250466
     35        10.326343308    0.53965453413122
     35        10.328323308    0.57096614176513
     35        10.330303308    0.60325156079216
     35        10.332283308    0.63658404987414
     35        10.334263308    0.67104343749136
     35        10.336243308    0.70671691774865
     35        10.338223308    0.74369996249496
     35        10.340203308    0.78209737022662
     35        10.342183308    0.82202447645838
     35        10.344163308    0.86360855546188
     35        10.346143308    0.90699044976155
     35        10.348123308    0.95232647189799
     35        10.350103308    0.99979063318600
     35        10.352083308    1.04957726713008
     35        10.354063308    1.10190413163905
     35        10.356043308    1.15701609531985
     35        10.358023308    1.21518954043549
     35        10.360003308    1.27673765065347
     35        10.361983308    1.34201679834138
     35        10.363963308    1.41143430787052
     35        10.365943308    1.48545795378101
     35        10.367923308    1.56462766374836
     35        10.369903308    1.64957004762281
     35        10.371883308    1.74101658226677
     35        10.373863308    1.83982657250127
     35        10.375843308    1.94701641878824
     35        10.377823308    2.06379730976865
     35        10.379803308    2.19162431173495
     35        10.381783308    2.33226108895893
     35        10.383763308    2.48786638711398
     35        10.385743308    2.66111132472742
     35        10.387723308    2.85534110493993
     35        10.389703308    3.07480209662259
     35        10.391683308    3.32496734073683
     35        10.393663308    3.61301412891096
     35        10.395643308    3.94854354061644
     35        10.397623308    4.34469814505979
     35        10.399603308    4.81996103472724
     35        10.401583308    5.40117553628715
     35        10.403563308    6.12887510141316
     35        10.405543308    7.06728663222156
     35        10.407523308    8.32460628441401
     35        10.409503308   10.09839607296045
     35        10.411483308   12.79186114250940
     35        10.413463308   17.37554200132072
     35        10.415443308   26.92665120498076
     35        10.417423308   59.12725108510475
     35        10.419403308  318.24201843236892
     35        10.421383308   43.39341391670248
     35        10.423363308   23.35738054489806
     35        10.425343308   16.00934371969628
     35        10.427323308   12.19315872677705
     35        10.429303308    9.85430877146545
     35        10.431283308    8.27298305682577
     35        10.433263308    7.13165596861545
     35        10.435243308    6.26850443776516
     35        10.437223308    5.59239155416078
     35        10.439203308    5.04807050635229
     35        10.441183308    4.60010076097178
     35        10.443163308    4.22470215977453
     35        10.445143308    3.90532374180516
     35        10.447123308    3.63009055314388
     35        10.449103308    3.39026113985441
     35        10.451083308    3.17925785253649
     35        10.453063308    2.99203626004674
     35        10.455043308    2.82466293839395
     35        10.457023308    2.67402549498730
     35        10.459003308    2.53762890681484
     35        10.460983308    2.41344961501575
     35        10.462963308    2.29982912918831
     35        10.464943308    2.19539519835219
     35        10.466923308    2.09900256060273
     35        10.468903308    2.00968782366836
     35        10.470883308    1.92663469474987
     35        10.472863308    1.84914689201323
     35        10.474843308    1.77662682803109
     35        10.476823308    1.70855867944155
     35        10.478803308    1.64449482469404
     35        10.480783308    1.58404489316872
     35        10.482763308    1.52686685720806
     35        10.484743308    1.47265973575394
     35        10.486723308    1.42115757929908
     35        10.488703308    1.37212448101813
     35        10.490683308    1.32535041539251
     35        10.492663308    1.28064774841927
     35        10.494643308    1.23784829618076
     35        10.496623308    1.19680083372554
     35        10.498603308    1.15736897574278
     35        10.500583308    1.11942936577268
     35        10.502563308    1.08287012269821
     35        10.504543308    1.04758950276257
     35        10.506523308    1.01349474292004
     35        10.508503308    0.98050105738343
     35        10.510483308    0.94853076410608
     35        10.512463308    0.91751252188045
     35        10.514443308    0.88738066194245
     35        10.516423308    0.85807460059013
     35        10.518403308    0.82953832147466
     35        10.520383308    0.80171991799262
     35        10.522363308    0.77457118767380
     35        10.524343308    0.74804727167559
     35        10.526323308    0.72210633350942
     35        10.528303308    0.69670927197328
     35        10.530283308    0.67181946397680
     35        10.532263308    0.64740253354492
     35        10.534243308    0.62342614379318
     35        10.536223308    0.59985980909647
     35        10.538203308    0.57667472503790
     35        10.540183308    0.55384361403486
     35        10.542163308    0.53134058480424
     35        10.544143308    0.50914100405571
     35        10.546123308    0.48722137899604
     35        10.548103308    0.46555924939467
     35        10.550083308    0.44413308810374
     35        10.552063308    0.42292220904973
     35        10.554043308    0.40190668181995
     35        10.556023308    0.38106725205876
     35        10.558003308    0.36038526696733
     35        10.559983308    0.33984260526843
     35        10.561963308    0.31942161105593
     35        10.563943308    0.29910503099826
     35        10.565923308    0.27887595440717
     35        10.567903308    0.25871775571865
     35        10.569883308    0.23861403896217
     35        10.571863308    0.21854858381855
     35        10.573843308    0.19850529288554
     35        10.575823308    0.17846813978453
     35        10.577803308    0.15842111775193
     35        10.579783308    0.13834818836415
     35        10.581763308    0.11823323004683
     35        10.583743308    0.09805998601645
     35        10.585723308    0.07781201129571
     35        10.587703308    0.05747261843324
     35        10.589683308    0.03702482154275
     35        10.591663308    0.01645127825664
     35        10.593643308    0.00426577083598
     35        10.595623308    0.02514456572803
     36        10.597603308    0.04620389400758
     36        10.599583308    0.06746316188730
     36        10.601563308    0.08894246984319
     36        10.603543308    0.11066269351622
     36        10.605523308    0.13264557060057
     36        10.607503308    0.15491379452375
     36        10.609483308    0.17749111581891
     36        10.611463308    0.20040245219985
     36        10.613443308    0.22367400847681
     36        10.615423308    0.24733340760022
     36        10.617403308    0.27140983429211
     36        10.619383308    0.29593419292661
     36        10.621363308    0.32093928155594
     36        10.623343308    0.34645998425343
     36        10.625323308    0.37253348426739
     36        10.627303308    0.39919950085821
     36        10.629283308    0.42650055313745
     36        10.631263308    0.45448225475456
     36        10.633243308    0.48319364390100
     36        10.635223308    0.51268755384394
     36        10.637203308    0.54302103008594
     36        10.639183308    0.57425580130549
     36        10.641163308    0.60645881250432
     36        10.643143308    0.63970283031797
     36        10.645123308    0.67406713229955
     36        10.647103308    0.70963829423684
     36        10.649083308    0.74651109230898
     36        10.651063308    0.78478954025403
     36        10.653043308    0.82458808586226
     36        10.655023308    0.86603299623679
     36        10.657003308    0.90926396764051
     36        10.658983308    0.95443600372253
     36        10.660963308    1.00172161594785
     36        10.662943308    1.05131341274515
     36        10.664923308    1.10342716004864
     36        10.666903308    1.15830541662727
     36        10.668883308    1.21622187434191
     36        10.670863308    1.27748656826380
     36        10.672843308    1.34245216720657
     36        10.674823308    1.41152161554764
     36        10.676803308    1.48515747770422
     36        10.678783308    1.56389344506321
     36        10.680763308    1.64834861275714
     36        10.682743308    1.73924533679709
     36        10.684723308    1.83743176494324
     36        10.686703308    1.94391053369250
     36        10.688683308    2.05987569439444
     36        10.690663308    2.18676075992349
     36        10.692643308    2.32630198576847
     36        10.694623308    2.48062283569594
     36        10.696603308    2.65234839505222
     36        10.698583308    2.84476289764749
     36        10.700563308    3.06203059050413
     36        10.702543308    3.30951178187712
     36        10.704523308    3.59422563277076
     36        10.706503308    3.92554584932022
     36        10.708483308    4.31627853833779
     36        10.710463308    4.78439183174279
     36        10.712443308    5.35590861873712
     36        10.714423308    6.06999007043293
     36        10.716403308    6.98842530035583
     36        10.718383308    8.21473498608977
     36        10.720363308    9.93656061527696
     36        10.722343308   12.53289512747220
     36        10.724323308   16.90146770408026
     36        10.726303308   25.80791582443711
     36        10.728283308   54.01077965813945
     36        10.730263308  644.71975938154549
     36        10.732243308   46.58125751556687
     36        10.734223308   24.24061152895761
     36        10.736203308   16.41394791722348
     36        10.738183308   12.42287295381804
     36        10.740163308   10.00119071528780
     36        10.742143308    8.37421767186875
     36        10.744123308    7.20509391412262
     36        10.746103308    6.32377137568676
     36        10.748083308    5.63513255556569
     36        10.750063308    5.08181363371832
     36        10.752043308    4.62716387896689
     36        10.754023308    4.24667062568228
     36        10.756003308    3.92331847619034
     36        10.757983308    3.64492645596675
     36        10.759963308    3.40254482613378
     36        10.761943308    3.18945019008874
     36        10.763923308    3.00049365693215
     36        10.765903308    2.83166535100871
     36        10.767883308    2.67979588520070
     36        10.769863308    2.54234704587020
     36        10.771843308    2.41726206166877
     36        10.773823308    2.30285656431779
     36        10.775803308    2.19773789846437
     36        10.777783308    2.10074453876113
     36        10.779763308    2.01090000155083
     36        10.781743308    1.92737736035814
     36        10.783723308    1.84947162391625
     36        10.785703308    1.77657801651187
     36        10.787683308    1.70817473973760
     36        10.789663308    1.64380917267246
     36        10.791643308    1.58308673599399
     36        10.793623308    1.52566183868049
     36        10.795603308    1.47123046656147
     36        10.797583308    1.41952407544124
     36        10.799563308    1.37030452844028
     36        10.801543308    1.32335987493028
     36        10.803523308    1.27850081215630
     36        10.805503308    1.23555770402420
     36        10.807483308    1.19437805722685
     36        10.809463308    1.15482437480799
     36        10.811443308    1.11677232282220
     36        10.813423308    1.08010915798045
     36        10.815403308    1.04473237384690
     36        10.817383308    1.01054853085243
     36        10.819363308    0.97747224155290
     36        10.821343308    0.94542528751891
     36        10.823323308    0.91433584825433
     36        10.825303308    0.88413782580063
     36        10.827283308    0.85477025134547
     36        10.829263308    0.82617676233753
     36        10.831243308    0.79830514040738
     36        10.833223308    0.77110690188191
     36        10.835203308    0.74453693391427
     36        10.837183308    0.71855317028052
     36        10.839163308    0.69311630175502
     36        10.841143308    0.66818951669838
     36        10.843123308    0.64373826810020
     36        10.845103308    0.61973006383207
     36        10.847083308    0.59613427730112
     36        10.849063308    0.57292197606391
     36        10.851043308    0.55006576627459
     36        10.853023308    0.52753965110998
     36        10.855003308    0.50531890154328
     36        10.856983308    0.48337993803546
     36        10.858963308    0.46170022188163
     36        10.860943308    0.44025815509543
     36        10.862923308    0.41903298783909
     36        10.864903308    0.39800473251464
     36        10.866883308    0.37715408372436
     36        10.868863308    0.35646234338831
     36        10.870843308    0.33591135037560
     36        10.872823308    0.31548341406455
     36        10.874803308    0.29516125129747
     36        10.876783308    0.27492792623832
     36        10.878763308    0.25476679267740
     36        10.880743308    0.23466143835723
     36        10.882723308    0.21459563091804
     36        10.884703308    0.19455326508074
     36        10.886683308    0.17451831069994
     36        10.888663308    0.15447476132952
     36        10.890643308    0.13440658294985
     36        10.892623308    0.11429766250698
     36        10.894603308    0.09413175591254
     36        10.896583308    0.07389243514617
     36        10.898563308    0.05356303409233
     36        10.900543308    0.03312659272783
     36        10.902523308    0.01256579925689
     36        10.904503308    0.00813707023409
     36        10.906483308    0.02900021506045
     37        10.908463308    0.05004237665655
     37        10.910443308    0.07128290926430
     37        10.912423308    0.09274185518185
     37        10.914403308    0.11444002522054
     37        10.916383308    0.13639908508805
     37        10.918363308    0.15864164849605
     37        10.920343308    0.18119137788447
     37        10.922323308    0.20407309376359
     37        10.924303308    0.22731289380112
     37        10.926283308    0.25093828292877
     37        10.928263308    0.27497831591324
     37        10.930243308    0.29946375403581
     37        10.932223308    0.32442723775706
     37        10.934203308    0.34990347751437
     37        10.936183308    0.37592946511868
     37        10.938163308    0.40254470859044
     37        10.940143308    0.42979149371500
     37        10.942123308    0.45771517611799
     37        10.944103308    0.48636450827664
     37        10.946083308    0.51579200661523
     37        10.948063308    0.54605436470484
     37        10.950043308    0.57721291963074
     37        10.952023308    0.60933417984306
     37        10.954003308    0.64249042431484
     37        10.955983308    0.67676038465605
     37        10.957963308    0.71223002404791
     37        10.959943308    0.74899342956427
     37        10.961923308    0.78715383775714
     37        10.963903308    0.82682481745811
     37        10.965883308    0.86813163878776
     37        10.967863308    0.91121286363000
     37        10.969843308    0.95622220066165
     37        10.971823308    1.00333067787367
     37        10.973803308    1.05272919797322
     37        10.975783308    1.10463155790521
     37        10.977763308    1.15927803403801
     37        10.979743308    1.21693966076023
     37        10.981723308    1.27792336429668
     37        10.983703308    1.34257815818416
     37        10.985683308    1.41130266582433
     37        10.987663308    1.48455431416611
     37        10.989643308    1.56286064842201
     37        10.991623308    1.64683336167938
     37        10.993603308    1.73718583120253
     37        10.995583308    1.83475522860321
     37        10.997563308    1.94053065908377
     37        10.999543308    2.05568933926522
     37        11.001523308    2.18164362683361
     37        11.003503308    2.32010289962742
     37        11.005483308    2.47315605830640
     37        11.007463308    2.64338314365377
     37        11.009443308    2.83400880454373
     37        11.011423308    3.04911714422299
     37        11.013403308    3.29395862957138
     37        11.015383308    3.57539862788846
     37        11.017363308    3.90259017311951
     37        11.019343308    4.28801362631994
     37        11.021323308    4.74914000352209
     37        11.023303308    5.31120293482397
     37        11.025283308    6.01204905767029
     37        11.027263308    6.91114466794044
     37        11.029243308    8.10758593444539
     37        11.031223308    9.77971248197236
     37        11.033203308   12.28411080573935
     37        11.035183308   16.45248883659313
     37        11.037163308   24.77825911490960
     37        11.039143308   49.70800595188884
     37        11.041123308 *******************
     37        11.043103308   50.27901691477047
     37        11.045083308   25.19499108883404
     37        11.047063308   16.84065079898047
     37        11.049043308   12.66227334780214
     37        11.051023308   10.15324680546449
     37        11.053003308    8.47860625251906
     37        11.054983308    7.28064921214432
     37        11.056963308    6.38056990122047
     37        11.058943308    5.67904945356437
     37        11.060923308    5.11650428064312
     37        11.062903308    4.65502119965972
     37        11.064883308    4.26932654575934
     37        11.066863308    3.94192404551564
     37        11.068843308    3.66031676474186
     37        11.070823308    3.41534042920688
     37        11.072803308    3.20012183008125
     37        11.074783308    3.00940489512501
     37        11.076763308    2.83910142814385
     37        11.078743308    2.68598373522105
     37        11.080723308    2.54746947223469
     37        11.082703308    2.42146797020948
     37        11.084683308    2.30626847553343
     37        11.086663308    2.20045754718877
     37        11.088643308    2.10285710612695
     37        11.090623308    2.01247735369921
     37        11.092603308    1.92848055560584
     37        11.094583308    1.85015287415015
     37        11.096563308    1.77688223655890
     37        11.098543308    1.70814078227096
     37        11.100523308    1.64347082067972
     37        11.102503308    1.58247350657860
     37        11.104483308    1.52479963875820
     37        11.106463308    1.47014213134499
     37        11.108443308    1.41822981345598
     37        11.110423308    1.36882229147280
     37        11.112403308    1.32170566728449
     37        11.114383308    1.27668895053108
     37        11.116363308    1.23360103697865
     37        11.118343308    1.19228815138644
     37        11.120323308    1.15261167355398
     37        11.122303308    1.11444628210134
     37        11.124283308    1.07767836300052
     37        11.126263308    1.04220463973214
     37        11.128243308    1.00793098978103
     37        11.130223308    0.97477141845606
     37        11.132203308    0.94264716606382
     37        11.134183308    0.91148592854369
     37        11.136163308    0.88122117498562
     37        11.138143308    0.85179154815604
     37        11.140123308    0.82314033637507
     37        11.142103308    0.79521500691413
     37        11.144083308    0.76796679259276
     37        11.146063308    0.74135032450644
     37        11.148043308    0.71532330486145
     37        11.150023308    0.68984621476529
     37        11.152003308    0.66488205255388
     37        11.153983308    0.64039609885274
     37        11.155963308    0.61635570508992
     37        11.157943308    0.59273010261896
     37        11.159923308    0.56949022998429
     37        11.161903308    0.54660857617980
     37        11.163883308    0.52405903802333
     37        11.165863308    0.50181679000197
     37        11.167843308    0.47985816514227
     37        11.169823308    0.45816054563057
     37        11.171803308    0.43670226205529
     37        11.173783308    0.41546250026993
     37        11.175763308    0.39442121498394
     37        11.177743308    0.37355904928284
     37        11.179723308    0.35285725935955
     37        11.181703308    0.33229764380834
     37        11.183683308    0.31186247689229
     37        11.185663308    0.29153444524635
     37        11.187643308    0.27129658752090
     37        11.189623308    0.25113223650761
     37        11.191603308    0.23102496331930
     37        11.193583308    0.21095852322073
     37        11.195563308    0.19091680272668
     37        11.197543308    0.17088376759881
     37        11.199523308    0.15084341138342
     37        11.201503308    0.13077970413854
     37        11.203483308    0.11067654100097
     37        11.205463308    0.09051769024207
     37        11.207443308    0.07028674045505
     37        11.209423308    0.04996704650638
     37        11.211403308    0.02954167386909
     37        11.213383308    0.00899334093664
     37        11.215363308    0.01169564110842
     38        11.217343308    0.03254343132678
     38        11.219323308    0.05356872544716
     38        11.221303308    0.07479082621771
     38        11.223283308    0.09622971826867
     38        11.225263308    0.11790614812922
     38        11.227243308    0.13984171011067
     38        11.229223308    0.16205893884715
     38        11.231203308    0.18458140937830
     38        11.233183308    0.20743384576551
     38        11.235163308    0.23064223935839
     38        11.237143308    0.25423397797328
     38        11.239123308    0.27823798741423
     38        11.241103308    0.30268488696366
     38        11.243083308    0.32760716069922
     38        11.245063308    0.35303934676151
     38        11.247043308    0.37901824701173
     38        11.249023308    0.40558315988712
     38        11.251003308    0.43277613969680
     38        11.252983308    0.46064228611369
     38        11.254963308    0.48923006822566
     38        11.256943308    0.51859168823079
     38        11.258923308    0.54878349072189
     38        11.260903308    0.57986642453322
     38        11.262883308    0.61190656535686
     38        11.264863308    0.64497570882177
     38        11.266843308    0.67915204552573
     38        11.268823308    0.71452093169170
     38        11.270803308    0.75117577177944
     38        11.272783308    0.78921903264041
     38        11.274763308    0.82876341281076
     38        11.276743308    0.86993319549189
     38        11.278723308    0.91286581992462
     38        11.280703308    0.95771371355628
     38        11.282683308    1.00464643706627
     38        11.284663308    1.05385320653536
     38        11.286643308    1.10554587258766
     38        11.288623308    1.15996245623907
     38        11.290603308    1.21737136685392
     38        11.292583308    1.27807646096054
     38        11.294563308    1.34242314434344
     38        11.296543308    1.41080577749550
     38        11.298523308    1.48367672134005
     38        11.300503308    1.56155746347174
     38        11.302483308    1.64505240558420
     38        11.304463308    1.73486608565095
     38        11.306443308    1.83182487653831
     38        11.308423308    1.93690458011948
     38        11.310403308    2.05126587445997
     38        11.312383308    2.17630035148654
     38        11.314363308    2.31369103021061
     38        11.316343308    2.46549294947316
     38        11.318323308    2.63424206872603
     38        11.320303308    2.82310479872202
     38        11.322283308    3.03608702005418
     38        11.324263308    3.27833216093727
     38        11.326243308    3.55655598976511
     38        11.328223308    3.87969733351882
     38        11.330203308    4.25992111649045
     38        11.332183308    4.71421834521743
     38        11.334163308    5.26706315484350
     38        11.336143308    5.95504249649134
     38        11.338123308    6.83540835158462
     38        11.340103308    8.00306728561578
     38        11.342083308    9.62762973065200
     38        11.344063308   12.04492095037891
     38        11.346043308   16.02666237096269
     38        11.348023308   23.82744837661985
     38        11.350003308   46.03917476008898
     38        11.351983308  611.89399765547887
     38        11.353963308   54.61923280133176
     38        11.355943308   26.22931081033387
     38        11.357923308   17.29120654870325
     38        11.359903308   12.91190252898155
     38        11.361883308   10.31068453437734
     38        11.363863308    8.58623500700828
     38        11.365843308    7.35835581846209
     38        11.367823308    6.43890852311727
     38        11.369803308    5.72413718434454
     38        11.371783308    5.15212961839885
     38        11.373763308    4.68365519795568
     38        11.375743308    4.29264942358516
     38        11.377723308    3.96111800246003
     38        11.379703308    3.67623771112641
     38        11.381683308    3.42862326282610
     38        11.383663308    3.21124743449572
     38        11.385643308    3.01874416534494
     38        11.387623308    2.84694501462348
     38        11.389603308    2.69256263288882
     38        11.391583308    2.55296958101086
     38        11.393563308    2.42604059020681
     38        11.395543308    2.31003800208038
     38        11.397523308    2.20352720007069
     38        11.399503308    2.10531325492879
     38        11.401483308    2.01439282480867
     38        11.403463308    1.92991719000395
     38        11.405443308    1.85116352679649
     38        11.407423308    1.77751235459839
     38        11.409403308    1.70842966205855
     38        11.411383308    1.64345261738001
     38        11.413363308    1.58217805135643
     38        11.415343308    1.52425310502757
     38        11.417323308    1.46936758163626
     38        11.419303308    1.41724765113952
     38        11.421283308    1.36765063611207
     38        11.423263308    1.32036066827556
     38        11.425243308    1.27518505055661
     38        11.427223308    1.23195119440808
     38        11.429203308    1.19050402890377
     38        11.431183308    1.15070379885556
     38        11.433163308    1.11242418537934
     38        11.435143308    1.07555069503977
     38        11.437123308    1.03997927374392
     38        11.439103308    1.00561510953560
     38        11.441083308    0.97237159482527
     38        11.443063308    0.94016942372177
     38        11.445043308    0.90893580427927
     38        11.447023308    0.87860376884074
     38        11.449003308    0.84911156840736
     38        11.450983308    0.82040213921605
     38        11.452963308    0.79242263156111
     38        11.454943308    0.76512399242875
     38        11.456923308    0.73846059478473
     38        11.458903308    0.71238990741471
     38        11.460883308    0.68687220010188
     38        11.462863308    0.66187027966923
     38        11.464843308    0.63734925303845
     38        11.466823308    0.61327631398482
     38        11.468803308    0.58962055071395
     38        11.470783308    0.56635277176503
     38        11.472763308    0.54344534806799
     38        11.474743308    0.52087206925702
     38        11.476723308    0.49860801257816
     38        11.478703308    0.47662942293046
     38        11.480683308    0.45491360275292
     38        11.482663308    0.43343881061851
     38        11.484643308    0.41218416752436
     38        11.486623308    0.39112956997723
     38        11.488603308    0.37025560906883
     38        11.490583308    0.34954349481676
     38        11.492563308    0.32897498511743
     38        11.494543308    0.30853231871747
     38        11.496523308    0.28819815166184
     38        11.498503308    0.26795549672047
     38        11.500483308    0.24778766533250
     38        11.502463308    0.22767821163766
     38        11.504443308    0.20761087818986
     38        11.506423308    0.18756954296803
     38        11.508403308    0.16753816731465
     38        11.510383308    0.14750074444335
     38        11.512363308    0.12744124816376
     38        11.514343308    0.10734358147410
     38        11.516323308    0.08719152467064
     38        11.518303308    0.06696868261752
     38        11.520283308    0.04665843081029
     38        11.522263308    0.02624385985253
     38        11.524243308    0.00570771794579
     38        11.526223308    0.01496764903082
     39        11.528203308    0.03580036030442
     39        11.530183308    0.05680906634396
     39        11.532163308    0.07801301887836
     39        11.534143308    0.09943214537708
     39        11.536123308    0.12108712863148
     39        11.538103308    0.14299949214295
     39        11.540083308    0.16519169210235
     39        11.542063308    0.18768721683732
     39        11.544043308    0.21051069470975
     39        11.546023308    0.23368801156970
     39        11.548003308    0.25724643901483
     39        11.549983308    0.28121477487169
     39        11.551963308    0.30562349750921
     39        11.553943308    0.33050493582115
     39        11.555923308    0.35589345697950
     39        11.557903308    0.38182567437073
     39        11.559883308    0.40834067849130
     39        11.561863308    0.43548029400769
     39        11.563843308    0.46328936669252
     39        11.565823308    0.49181608454757
     39        11.567803308    0.52111233813663
     39        11.569783308    0.55123412599876
     39        11.571763308    0.58224201202638
     39        11.573743308    0.61420164290854
     39        11.575723308    0.64718433520366
     39        11.577703308    0.68126774337597
     39        11.579683308    0.71653662227696
     39        11.581663308    0.75308370017124
     39        11.583643308    0.79101068160982
     39        11.585623308    0.83042940339511
     39        11.587603308    0.87146317175196
     39        11.589583308    0.91424831486951
     39        11.591563308    0.95893599253454
     39        11.593543308    1.00569431406738
     39        11.595523308    1.05471082776235
     39        11.597503308    1.10619546027966
     39        11.599483308    1.16038400394770
     39        11.601463308    1.21754227508126
     39        11.603443308    1.27797109907251
     39        11.605423308    1.34201232073938
     39        11.607403308    1.41005609479963
     39        11.609383308    1.48254978640536
     39        11.611363308    1.56000891256343
     39        11.613343308    1.64303069224656
     39        11.615323308    1.73231096100202
     39        11.617303308    1.82866546692365
     39        11.619283308    1.93305693192659
     39        11.621263308    2.04662978546102
     39        11.623243308    2.17075523454919
     39        11.625223308    2.30709044622103
     39        11.627203308    2.45765728177098
     39        11.629183308    2.62494855792284
     39        11.631163308    2.81207375772836
     39        11.633143308    3.02296240520356
     39        11.635123308    3.26265360714220
     39        11.637103308    3.53771759112268
     39        11.639083308    3.85688521611274
     39        11.641063308    4.23201588899508
     39        11.643043308    4.67963701037280
     39        11.645023308    5.22349164481068
     39        11.647003308    5.89895917380000
     39        11.648983308    6.76117972169143
     39        11.650963308    7.90109028419250
     39        11.652943308    9.48010273935966
     39        11.654923308   11.81478232495504
     39        11.656903308   15.62224077709263
     39        11.658883308   22.94676000882829
     39        11.660863308   42.87383920999935
     39        11.662843308  309.76452546874020
     39        11.664823308   59.78479867264899
     39        11.666803308   27.35389325104630
     39        11.668783308   17.76757240542713
     39        11.670763308   13.17235354026039
     39        11.672743308   10.47372996765843
     39        11.674723308    8.69719944253375
     39        11.676703308    7.43825364034693
     39        11.678683308    6.49880029675859
     39        11.680663308    5.77039457104110
     39        11.682643308    5.18868036706425
     39        11.684623308    4.71305171147334
     39        11.686603308    4.31662201672851
     39        11.688583308    3.98088108677841
     39        11.690563308    3.69266867069783
     39        11.692543308    3.44237175559559
     39        11.694523308    3.22280475976204
     39        11.696503308    3.02848873785813
     39        11.698483308    2.85517302350917
     39        11.700463308    2.69950922537791
     39        11.702443308    2.55882381937551
     39        11.704423308    2.43095621719331
     39        11.706403308    2.31414132387298
     39        11.708383308    2.20692294861990
     39        11.710363308    2.10808900908750
     39        11.712343308    2.01662238731597
     39        11.714323308    1.93166319709642
     39        11.716303308    1.85247948644635
     39        11.718283308    1.77844425418509
     39        11.720263308    1.70901724797612
     39        11.722243308    1.64373042211424
     39        11.724223308    1.58217622432570
     39        11.726203308    1.52399808958307
     39        11.728183308    1.46888267046451
     39        11.730163308    1.41655344481200
     39        11.732143308    1.36676542393577
     39        11.734123308    1.31930074638830
     39        11.736103308    1.27396498901506
     39        11.738083308    1.23058406256887
     39        11.740063308    1.18900158650979
     39        11.742043308    1.14907665877185
     39        11.744023308    1.11068195277455
     39        11.746003308    1.07370208690403
     39        11.747983308    1.03803222191717
     39        11.749963308    1.00357684984849
     39        11.751943308    0.97024874449632
     39        11.753923308    0.93796804878507
     39        11.755903308    0.90666147851760
     39        11.757883308    0.87626162545541
     39        11.759863308    0.84670634545694
     39        11.761843308    0.81793821969231
     39        11.763823308    0.78990407883569
     39        11.765803308    0.76255458169224
     39        11.767783308    0.73584384100698
     39        11.769763308    0.70972909027761
     39        11.771743308    0.68417038629107
     39        11.773723308    0.65913034285654
     39        11.775703308    0.63457389184103
     39        11.777683308    0.61046806814805
     39        11.779663308    0.58678181573229
     39        11.781643308    0.56348581212704
     39        11.783623308    0.54055230928789
     39        11.785603308    0.51795498883473
     39        11.787583308    0.49566883001246
     39        11.789563308    0.47366998889483
     39        11.791543308    0.45193568753090
     39        11.793523308    0.43044411188435
     39        11.795503308    0.40917431754506
     39        11.797483308    0.38810614230424
     39        11.799463308    0.36722012478026
     39        11.801443308    0.34649742836508
     39        11.803423308    0.32591976983241
     39        11.805403308    0.30546935200957
     39        11.807383308    0.28512879996755
     39        11.809363308    0.26488110022785
     39        11.811343308    0.24470954252227
     39        11.813323308    0.22459766367329
     39        11.815303308    0.20452919318808
     39        11.817283308    0.18448800017966
     39        11.819263308    0.16445804124489
     39        11.821243308    0.14442330893969
     39        11.823223308    0.12436778049936
     39        11.825203308    0.10427536645457
     39        11.827183308    0.08412985879226
     39        11.829163308    0.06391487830557
     39        11.831143308    0.04361382076715
     39        11.833123308    0.02320980154657
     39        11.835103308    0.00268559827361
     39        11.837083308    0.01797640887400
     40        11.839063308    0.03879429970898
     40        11.841043308    0.05978667988437
     40        11.843023308    0.08097275058188
     40        11.845003308    0.10237238261459
     40        11.846983308    0.12400619557718
     40        11.848963308    0.14589564274402
     40        11.850943308    0.16806310249291
     40        11.852923308    0.19053197712321
     40        11.854903308    0.21332680004160
     40        11.856883308    0.23647335241123
     40        11.858863308    0.25999879050117
     40        11.860843308    0.28393178513820
     40        11.862823308    0.30830267485463
     40        11.864803308    0.33314363454979
     40        11.866783308    0.35848886174428
     40        11.868763308    0.38437478281244
     40        11.870743308    0.41084028193822
     40        11.872723308    0.43792695596290
     40        11.874703308    0.46567939879252
     40        11.876683308    0.49414551962485
     40        11.878663308    0.52337689995673
     40        11.880643308    0.55342919516974
     40        11.882623308    0.58436258749083
     40        11.884603308    0.61624229832301
     40        11.886583308    0.64913916938352
     40        11.888563308    0.68313032382982
     40        11.890543308    0.71829992066815
     40        11.892523308    0.75474001831546
     40        11.894503308    0.79255156633817
     40        11.896483308    0.83184554826664
     40        11.898463308    0.87274430317272
     40        11.900443308    0.91538305964280
     40        11.902423308    0.95991172320082
     40        11.904403308    1.00649696755369
     40        11.906383308    1.05532469179806
     40        11.908363308    1.10660292068046
     40        11.910343308    1.16056524413021
     40        11.912323308    1.21747491692155
     40        11.914303308    1.27762977129188
     40        11.916283308    1.34136813715270
     40        11.918263308    1.40907601966453
     40        11.920243308    1.48119585729715
     40        11.922223308    1.55823728200406
     40        11.924203308    1.64079043677196
     40        11.926183308    1.72954258905161
     40        11.928163308    1.82529903278417
     40        11.930143308    1.92900962881115
     40        11.932123308    2.04180284182742
     40        11.934103308    2.16502986645055
     40        11.936083308    2.30032251291856
     40        11.938063308    2.44967013271588
     40        11.940043308    2.61552331454501
     40        11.942023308    2.80093588892612
     40        11.944003308    3.00976283616227
     40        11.945983308    3.24694157643283
     40        11.947963308    3.51890072305768
     40        11.949943308    3.83416918886498
     40        11.951923308    4.20431041014219
     40        11.953903308    4.64540391580752
     40        11.955883308    5.18048885443238
     40        11.957863308    5.84378658162690
     40        11.959843308    6.68842216691287
     40        11.961823308    7.80156928936884
     40        11.963803308    9.33693345562326
     40        11.965783308   11.59319168261690
     40        11.967763308   15.23764804410135
     40        11.969743308   22.12871124845670
     40        11.971723308   40.11503949137854
     40        11.973703308  207.33774347029058
     40        11.975683308   66.03537178638113
     40        11.977663308   28.58093736176507
     40        11.979643308   18.27193710396481
     40        11.981623308   13.44427444443655
     40        11.983603308   10.64262862384391
     40        11.985583308    8.81160437930545
     40        11.987563308    7.52038829040652
     40        11.989543308    6.56026248468329
     40        11.991523308    5.81782394622734
     40        11.993503308    5.22615040098797
     40        11.995483308    4.74319953785743
     40        11.997463308    4.34122992999452
     40        11.999443308    4.00119681649606
     40        12.001423308    3.70959175314775
     40        12.003403308    3.45656704074213
     40        12.005383308    3.23477424643651
     40        12.007363308    3.03861855225879
     40        12.009343308    2.86376502610468
     40        12.011323308    2.70680280949840
     40        12.013303308    2.56501127722984
     40        12.015283308    2.43619378369449
     40        12.017263308    2.31855725292473
     40        12.019243308    2.21062351215570
     40        12.021223308    2.11116301648629
     40        12.023203308    2.01914463410169
     40        12.025183308    1.93369712759974
     40        12.027163308    1.85407927178002
     40        12.029143308    1.77965643002461
     40        12.031123308    1.70988201722458
     40        12.033103308    1.64428269981153
     40        12.035083308    1.58244648240623
     40        12.037063308    1.52401304483060
     40        12.039043308    1.46866584860574
     40        12.041023308    1.41612564601322
     40        12.043003308    1.36614510924477
     40        12.044983308    1.31850436035979
     40        12.046963308    1.27300723049139
     40        12.048943308    1.22947811308883
     40        12.050923308    1.18775930389092
     40        12.052903308    1.14770874191486
     40        12.054883308    1.10919808256711
     40        12.056863308    1.07211104717988
     40        12.058843308    1.03634200369545
     40        12.060823308    1.00179474149653
     40        12.062803308    0.96838140999257
     40        12.064783308    0.93602159588307
     40        12.066763308    0.90464151830753
     40        12.068743308    0.87417332457213
     40        12.070723308    0.84455447198119
     40        12.072703308    0.81572718362512
     40        12.074683308    0.78763796788958
     40        12.076663308    0.76023719302895
     40        12.078643308    0.73347870945733
     40        12.080623308    0.70731951350045
     40        12.082603308    0.68171944726245
     40        12.084583308    0.65664093002502
     40        12.086563308    0.63204871723841
     40        12.088543308    0.60790968370545
     40        12.090523308    0.58419262801826
     40        12.092503308    0.56086809569591
     40        12.094483308    0.53790821880246
     40        12.096463308    0.51528657010689
     40        12.098443308    0.49297803008755
     40        12.100423308    0.47095866529045
     40        12.102403308    0.44920561672799
     40        12.104383308    0.42769699715699
     40        12.106363308    0.40641179620609
     40        12.108343308    0.38532979243520
     40        12.110323308    0.36443147150734
     40        12.112303308    0.34369794973634
     40        12.114283308    0.32311090234647
     40        12.116263308    0.30265249584129
     40        12.118243308    0.28230532393250
     40        12.120223308    0.26205234652394
     40        12.122203308    0.24187683128435
     40        12.124183308    0.22176229737410
     40        12.126163308    0.20169246091712
     40        12.128143308    0.18165118183012
     40        12.130123308    0.16162241163771
     40        12.132103308    0.14159014191299
     40        12.134083308    0.12153835299125
     40        12.136063308    0.10145096260698
     40        12.138043308    0.08131177410401
     40        12.140023308    0.06110442386325
     40        12.142003308    0.04081232758342
     40        12.143983308    0.02041862503661
     40        12.145963308    0.00009387709764
     40        12.147943308    0.02074276473940
