#Adamscase  refl2     refl2dev  trans2    trans2dev plot      refl      refldev   trans     transdev  
1.1         0.0340    0.0841    0.9569    0.0815    1.16      0.0344    0.0843    0.9566    0.0818     
1.2         0.2123    0.2101    0.7012    0.1982    1.26      0.2130    0.2100    0.7006    0.1982     
1.3         0.4886    0.1313    0.0526    0.0339    1.36 
2.1         0.0045    0.0014    0.9301    0.1603    2.16      0.0044    0.0014    0.9285    0.1618
2.2         0.0326    0.0159    0.5708    0.3486    2.26      0.0325    0.0159    0.5699    0.3494
2.3         0.0615    0.0486    0.0047    0.0223    2.36 
3.1         0.0332    0.0710    0.9572    0.0930    3.16      0.0339    0.0717    0.9563    0.0938
3.2         0.2121    0.1584    0.7017    0.2432    3.26      0.2120    0.1586    0.7017    0.2437
3.3         0.5146    0.0123    0.0557    0.0623    3.36 
4.1         0.0316    0.0927    0.9594    0.0897    4.16      0.0319    0.0931    0.9591    0.0901
4.2         0.1105    0.2511    0.8029    0.2275    4.26      0.1130    0.2531    0.8006    0.2295
4.3         0.2841    0.2876    0.1774    0.1437    4.36 
5.1         0.0045    0.0015    0.9349    0.1759    5.16      0.0045    0.0015    0.9343    0.1768
5.2         0.0414    0.0154    0.7961    0.3379    5.26      0.0414    0.0154    0.7948    0.3384
5.3         0.2078    0.1243    0.2430    0.3067    5.36 
6.1         0.0310    0.0779    0.9595    0.1031    6.16      0.0315    0.0785    0.9589    0.1039
6.2         0.1173    0.1627    0.8194    0.2866    6.26      0.1181    0.1632    0.8181    0.2873
6.3         0.4301    0.1066    0.2658    0.2728    6.36 
7.1         0.0454    0.0447    0.9536    0.0438    7.16      0.0450    0.0448    0.9540    0.0438
7.2         0.2578    0.2340    0.7324    0.2248    7.26      0.2586    0.2338    0.7316    0.2247
7.3         0.6804    0.2528    0.2310    0.2029    7.36 
8.1         0.0005    0.0005    0.9099    0.0887    8.16      0.0005    0.0005    0.9097    0.0888
8.2         0.0046    0.0047    0.5397    0.4025    8.26      0.0046    0.0047    0.5396    0.4027
8.3         0.0217    0.0294    0.0910    0.2467    8.36 
9.1         0.0407    0.0394    0.9494    0.0491    9.16      0.0406    0.0394    0.9495    0.0491
9.2         0.2157    0.1853    0.6948    0.2663    9.26      0.2152    0.1852    0.6955    0.2661
9.3         0.4688    0.1214    0.1510    0.2566    9.36 
