#    slicenum    sliceval      CoEff    1     CoEff    2     CoEff    3
         1       0.005000       0.774613       3.031853       6.272647
         2       0.015000       0.851748       3.331259       6.884934
         3       0.025000       0.932237       3.640803       7.509701
         4       0.035000       1.016023       3.959784       8.144197
         5       0.045000       1.103048       4.287481       8.785649
         6       0.055000       1.193253       4.623158       9.431280
         7       0.065000       1.286575       4.966060      10.078320
         8       0.075000       1.382949       5.315420      10.724023
         9       0.085000       1.482310       5.670460      11.365682
        10       0.095000       1.584588       6.030390      12.000645
        11       0.105000       1.689713       6.394415      12.626326
        12       0.115000       1.797612       6.761732      13.240223
        13       0.125000       1.908211       7.131537      13.839926
        14       0.135000       2.021433       7.503023      14.423133
        15       0.145000       2.137201       7.875385      14.987662
        16       0.155000       2.255434       8.247821      15.531460
        17       0.165000       2.376050       8.619533      16.052616
        18       0.175000       2.498967       8.989730      16.549367
        19       0.185000       2.624100       9.357631      17.020109
        20       0.195000       2.751362       9.722467      17.463402
        21       0.205000       2.880665      10.083479      17.877979
        22       0.215000       3.011920      10.439928      18.262751
        23       0.225000       3.145036      10.791087      18.616807
        24       0.235000       3.279922      11.136251      18.939425
        25       0.245000       3.416485      11.474734      19.230064
        26       0.255000       3.554629      11.805874      19.488373
        27       0.265000       3.694260      12.129032      19.714186
        28       0.275000       3.835282      12.443594      19.907525
        29       0.285000       3.977596      12.748974      20.068591
        30       0.295000       4.121105      13.044616      20.197765
        31       0.305000       4.265710      13.329990      20.295603
        32       0.315000       4.411310      13.604602      20.362828
        33       0.325000       4.557806      13.867988      20.400325
        34       0.335000       4.705095      14.119716      20.409134
        35       0.345000       4.853077      14.359391      20.390438
        36       0.355000       5.001650      14.586654      20.345558
        37       0.365000       5.150710      14.801178      20.275939
        38       0.375000       5.300154      15.002679      20.183142
        39       0.385000       5.449880      15.190905      20.068832
        40       0.395000       5.599785      15.365644      19.934765
        41       0.405000       5.749764      15.526724      19.782777
        42       0.415000       5.899714      15.674010      19.614767
        43       0.425000       6.049531      15.807405      19.432692
        44       0.435000       6.199113      15.926852      19.238546
        45       0.445000       6.348356      16.032333      19.034350
        46       0.455000       6.497156      16.123868      18.822139
        47       0.465000       6.645412      16.201516      18.603946
        48       0.475000       6.793020      16.265373      18.381794
        49       0.485000       6.939880      16.315574      18.157675
        50       0.495000       7.085888      16.352287      17.933545
        51       0.505000       7.230945      16.375722      17.711308
        52       0.515000       7.374951      16.386120      17.492803
        53       0.525000       7.517806      16.383758      17.279797
        54       0.535000       7.659411      16.368947      17.073970
        55       0.545000       7.799669      16.342028      16.876907
        56       0.555000       7.938482      16.303376      16.690089
        57       0.565000       8.075756      16.253396      16.514883
        58       0.575000       8.211395      16.192518      16.352537
        59       0.585000       8.345305      16.121204      16.204169
        60       0.595000       8.477394      16.039939      16.070768
        61       0.605000       8.607571      15.949232      15.953181
        62       0.615000       8.735747      15.849615      15.852116
        63       0.625000       8.861831      15.741642      15.768134
        64       0.635000       8.985739      15.625885      15.701653
        65       0.645000       9.107383      15.502932      15.652940
        66       0.655000       9.226680      15.373390      15.622118
        67       0.665000       9.343547      15.237875      15.609164
        68       0.675000       9.457905      15.097019      15.613909
        69       0.685000       9.569673      14.951460      15.636047
        70       0.695000       9.678775      14.801847      15.675134
        71       0.705000       9.785136      14.648833      15.730597
        72       0.715000       9.888681      14.493074      15.801736
        73       0.725000       9.989340      14.335230      15.887734
        74       0.735000      10.087043      14.175959      15.987664
        75       0.745000      10.181723      14.015917      16.100496
        76       0.755000      10.273313      13.855756      16.225106
        77       0.765000      10.361752      13.696121      16.360289
        78       0.775000      10.446978      13.537651      16.504765
        79       0.785000      10.528931      13.380973      16.657190
        80       0.795000      10.607556      13.226702      16.816169
        81       0.805000      10.682798      13.075439      16.980267
        82       0.815000      10.754605      12.927772      17.148018
        83       0.825000      10.822928      12.784267      17.317938
        84       0.835000      10.887720      12.645475      17.488540
        85       0.845000      10.948935      12.511925      17.658338
        86       0.855000      11.006532      12.384121      17.825867
        87       0.865000      11.060470      12.262547      17.989686
        88       0.875000      11.110713      12.147660      18.148399
        89       0.885000      11.157225      12.039890      18.300653
        90       0.895000      11.199975      11.939639      18.445162
        91       0.905000      11.238934      11.847281      18.580707
        92       0.915000      11.274073      11.763158      18.706146
        93       0.925000      11.305370      11.687582      18.820431
        94       0.935000      11.332802      11.620833      18.922603
        95       0.945000      11.356350      11.563156      19.011812
        96       0.955000      11.375998      11.514765      19.087315
        97       0.965000      11.391734      11.475836      19.148483
        98       0.975000      11.403544      11.446515      19.194808
        99       0.985000      11.411423      11.426907      19.225907
       100       0.995000      11.415363      11.417085      19.241521
       101       1.005000      11.415363      11.417085      19.241521
       102       1.015000      11.411423      11.426907      19.225907
       103       1.025000      11.403544      11.446515      19.194808
       104       1.035000      11.391734      11.475836      19.148483
       105       1.045000      11.375998      11.514765      19.087315
       106       1.055000      11.356350      11.563156      19.011812
       107       1.065000      11.332802      11.620833      18.922603
       108       1.075000      11.305370      11.687582      18.820431
       109       1.085000      11.274073      11.763158      18.706146
       110       1.095000      11.238934      11.847281      18.580707
       111       1.105000      11.199975      11.939639      18.445162
       112       1.115000      11.157225      12.039890      18.300653
       113       1.125000      11.110713      12.147660      18.148399
       114       1.135000      11.060470      12.262547      17.989686
       115       1.145000      11.006532      12.384121      17.825867
       116       1.155000      10.948935      12.511925      17.658338
       117       1.165000      10.887720      12.645475      17.488540
       118       1.175000      10.822928      12.784267      17.317938
       119       1.185000      10.754605      12.927772      17.148018
       120       1.195000      10.682798      13.075439      16.980267
       121       1.205000      10.607556      13.226702      16.816169
       122       1.215000      10.528931      13.380973      16.657190
       123       1.225000      10.446978      13.537651      16.504765
       124       1.235000      10.361752      13.696121      16.360289
       125       1.245000      10.273313      13.855756      16.225106
       126       1.255000      10.181723      14.015917      16.100496
       127       1.265000      10.087043      14.175959      15.987664
       128       1.275000       9.989340      14.335230      15.887734
       129       1.285000       9.888681      14.493074      15.801736
       130       1.295000       9.785136      14.648833      15.730597
       131       1.305000       9.678775      14.801847      15.675134
       132       1.315000       9.569673      14.951460      15.636047
       133       1.325000       9.457905      15.097019      15.613909
       134       1.335000       9.343547      15.237875      15.609164
       135       1.345000       9.226680      15.373390      15.622118
       136       1.355000       9.107383      15.502932      15.652940
       137       1.365000       8.985739      15.625885      15.701653
       138       1.375000       8.861831      15.741642      15.768134
       139       1.385000       8.735747      15.849615      15.852116
       140       1.395000       8.607571      15.949232      15.953181
       141       1.405000       8.477394      16.039939      16.070768
       142       1.415000       8.345305      16.121204      16.204169
       143       1.425000       8.211395      16.192518      16.352537
       144       1.435000       8.075756      16.253396      16.514883
       145       1.445000       7.938482      16.303376      16.690089
       146       1.455000       7.799669      16.342028      16.876907
       147       1.465000       7.659411      16.368947      17.073970
       148       1.475000       7.517806      16.383758      17.279797
       149       1.485000       7.374951      16.386120      17.492803
       150       1.495000       7.230945      16.375722      17.711308
       151       1.505000       7.085888      16.352287      17.933545
       152       1.515000       6.939880      16.315574      18.157675
       153       1.525000       6.793020      16.265373      18.381794
       154       1.535000       6.645412      16.201516      18.603946
       155       1.545000       6.497156      16.123868      18.822139
       156       1.555000       6.348356      16.032333      19.034350
       157       1.565000       6.199113      15.926852      19.238546
       158       1.575000       6.049531      15.807405      19.432692
       159       1.585000       5.899714      15.674010      19.614767
       160       1.595000       5.749764      15.526724      19.782777
       161       1.605000       5.599785      15.365644      19.934765
       162       1.615000       5.449880      15.190905      20.068832
       163       1.625000       5.300154      15.002679      20.183142
       164       1.635000       5.150710      14.801178      20.275939
       165       1.645000       5.001650      14.586654      20.345558
       166       1.655000       4.853077      14.359391      20.390438
       167       1.665000       4.705095      14.119716      20.409134
       168       1.675000       4.557806      13.867988      20.400325
       169       1.685000       4.411310      13.604602      20.362828
       170       1.695000       4.265710      13.329990      20.295603
       171       1.705000       4.121105      13.044616      20.197765
       172       1.715000       3.977596      12.748974      20.068591
       173       1.725000       3.835282      12.443594      19.907525
       174       1.735000       3.694260      12.129032      19.714186
       175       1.745000       3.554629      11.805874      19.488373
       176       1.755000       3.416485      11.474734      19.230064
       177       1.765000       3.279922      11.136251      18.939425
       178       1.775000       3.145036      10.791087      18.616807
       179       1.785000       3.011920      10.439928      18.262751
       180       1.795000       2.880665      10.083479      17.877979
       181       1.805000       2.751362       9.722467      17.463402
       182       1.815000       2.624100       9.357631      17.020109
       183       1.825000       2.498967       8.989730      16.549367
       184       1.835000       2.376050       8.619533      16.052616
       185       1.845000       2.255434       8.247821      15.531460
       186       1.855000       2.137201       7.875385      14.987662
       187       1.865000       2.021433       7.503023      14.423133
       188       1.875000       1.908211       7.131537      13.839926
       189       1.885000       1.797612       6.761732      13.240223
       190       1.895000       1.689713       6.394415      12.626326
       191       1.905000       1.584588       6.030390      12.000645
       192       1.915000       1.482310       5.670460      11.365682
       193       1.925000       1.382949       5.315420      10.724023
       194       1.935000       1.286575       4.966060      10.078320
       195       1.945000       1.193253       4.623158       9.431280
       196       1.955000       1.103048       4.287481       8.785649
       197       1.965000       1.016023       3.959784       8.144197
       198       1.975000       0.932237       3.640803       7.509701
       199       1.985000       0.851748       3.331259       6.884934
       200       1.995000       0.774613       3.031853       6.272647