#    slicenum    sliceval      CoEff    1
         1       0.000250       0.702333
         2       0.000750       0.709367
         3       0.001250       0.716374
         4       0.001750       0.723354
         5       0.002250       0.730304
         6       0.002750       0.737225
         7       0.003250       0.744115
         8       0.003750       0.750973
         9       0.004250       0.757797
        10       0.004750       0.764586
        11       0.005250       0.771340
        12       0.005750       0.778056
        13       0.006250       0.784735
        14       0.006750       0.791374
        15       0.007250       0.797973
        16       0.007750       0.804530
        17       0.008250       0.811044
        18       0.008750       0.817515
        19       0.009250       0.823940
        20       0.009750       0.830320
        21       0.010250       0.836652
        22       0.010750       0.842937
        23       0.011250       0.849171
        24       0.011750       0.855356
        25       0.012250       0.861489
        26       0.012750       0.867569
        27       0.013250       0.873596
        28       0.013750       0.879569
        29       0.014250       0.885485
        30       0.014750       0.891345
        31       0.015250       0.897148
        32       0.015750       0.902892
        33       0.016250       0.908576
        34       0.016750       0.914199
        35       0.017250       0.919761
        36       0.017750       0.925260
        37       0.018250       0.930696
        38       0.018750       0.936068
        39       0.019250       0.941374
        40       0.019750       0.946614
        41       0.020250       0.951786
        42       0.020750       0.956891
        43       0.021250       0.961927
        44       0.021750       0.966892
        45       0.022250       0.971788
        46       0.022750       0.976611
        47       0.023250       0.981363
        48       0.023750       0.986041
        49       0.024250       0.990645
        50       0.024750       0.995174
        51       0.025250       0.999628
        52       0.025750       1.004006
        53       0.026250       1.008307
        54       0.026750       1.012529
        55       0.027250       1.016674
        56       0.027750       1.020739
        57       0.028250       1.024724
        58       0.028750       1.028628
        59       0.029250       1.032452
        60       0.029750       1.036193
        61       0.030250       1.039852
        62       0.030750       1.043427
        63       0.031250       1.046919
        64       0.031750       1.050326
        65       0.032250       1.053648
        66       0.032750       1.056885
        67       0.033250       1.060035
        68       0.033750       1.063099
        69       0.034250       1.066075
        70       0.034750       1.068964
        71       0.035250       1.071764
        72       0.035750       1.074476
        73       0.036250       1.077099
        74       0.036750       1.079632
        75       0.037250       1.082075
        76       0.037750       1.084427
        77       0.038250       1.086689
        78       0.038750       1.088859
        79       0.039250       1.090937
        80       0.039750       1.092924
        81       0.040250       1.094818
        82       0.040750       1.096620
        83       0.041250       1.098328
        84       0.041750       1.099943
        85       0.042250       1.101465
        86       0.042750       1.102893
        87       0.043250       1.104227
        88       0.043750       1.105466
        89       0.044250       1.106611
        90       0.044750       1.107661
        91       0.045250       1.108616
        92       0.045750       1.109477
        93       0.046250       1.110242
        94       0.046750       1.110911
        95       0.047250       1.111486
        96       0.047750       1.111964
        97       0.048250       1.112347
        98       0.048750       1.112635
        99       0.049250       1.112826
       100       0.049750       1.112922
       101       0.050250       1.112922
       102       0.050750       1.112826
       103       0.051250       1.112635
       104       0.051750       1.112347
       105       0.052250       1.111964
       106       0.052750       1.111486
       107       0.053250       1.110911
       108       0.053750       1.110242
       109       0.054250       1.109477
       110       0.054750       1.108616
       111       0.055250       1.107661
       112       0.055750       1.106611
       113       0.056250       1.105466
       114       0.056750       1.104227
       115       0.057250       1.102893
       116       0.057750       1.101465
       117       0.058250       1.099943
       118       0.058750       1.098328
       119       0.059250       1.096620
       120       0.059750       1.094818
       121       0.060250       1.092924
       122       0.060750       1.090937
       123       0.061250       1.088859
       124       0.061750       1.086689
       125       0.062250       1.084427
       126       0.062750       1.082075
       127       0.063250       1.079632
       128       0.063750       1.077099
       129       0.064250       1.074476
       130       0.064750       1.071764
       131       0.065250       1.068964
       132       0.065750       1.066075
       133       0.066250       1.063099
       134       0.066750       1.060035
       135       0.067250       1.056885
       136       0.067750       1.053648
       137       0.068250       1.050326
       138       0.068750       1.046919
       139       0.069250       1.043427
       140       0.069750       1.039852
       141       0.070250       1.036193
       142       0.070750       1.032452
       143       0.071250       1.028628
       144       0.071750       1.024724
       145       0.072250       1.020739
       146       0.072750       1.016674
       147       0.073250       1.012529
       148       0.073750       1.008307
       149       0.074250       1.004006
       150       0.074750       0.999628
       151       0.075250       0.995174
       152       0.075750       0.990645
       153       0.076250       0.986041
       154       0.076750       0.981363
       155       0.077250       0.976611
       156       0.077750       0.971788
       157       0.078250       0.966892
       158       0.078750       0.961927
       159       0.079250       0.956891
       160       0.079750       0.951786
       161       0.080250       0.946614
       162       0.080750       0.941374
       163       0.081250       0.936068
       164       0.081750       0.930696
       165       0.082250       0.925260
       166       0.082750       0.919761
       167       0.083250       0.914199
       168       0.083750       0.908576
       169       0.084250       0.902892
       170       0.084750       0.897148
       171       0.085250       0.891345
       172       0.085750       0.885485
       173       0.086250       0.879569
       174       0.086750       0.873596
       175       0.087250       0.867569
       176       0.087750       0.861489
       177       0.088250       0.855356
       178       0.088750       0.849171
       179       0.089250       0.842937
       180       0.089750       0.836652
       181       0.090250       0.830320
       182       0.090750       0.823940
       183       0.091250       0.817515
       184       0.091750       0.811044
       185       0.092250       0.804530
       186       0.092750       0.797973
       187       0.093250       0.791374
       188       0.093750       0.784735
       189       0.094250       0.778056
       190       0.094750       0.771340
       191       0.095250       0.764586
       192       0.095750       0.757797
       193       0.096250       0.750973
       194       0.096750       0.744115
       195       0.097250       0.737225
       196       0.097750       0.730304
       197       0.098250       0.723354
       198       0.098750       0.716374
       199       0.099250       0.709367
       200       0.099750       0.702333
