              xiValue                 PDF                     PDF                     PDF                     PDF    
          -10.942211                 0.000000                 0.000000                 0.000000                 0.000000     
          -10.826633                 0.000000                 0.000000                 0.000000                 0.000000     
          -10.711055                 0.000000                 0.000000                 0.000000                 0.000000     
          -10.595477                 0.000000                 0.000000                 0.000000                 0.000000     
          -10.479899                 0.000000                 0.000000                 0.000000                 0.000000     
          -10.364322                 0.000000                 0.000000                 0.000000                 0.000000     
          -10.248744                 0.000000                 0.000000                 0.000000                 0.000000     
          -10.133166                 0.000000                 0.000000                 0.000000                 0.000000     
          -10.017588                 0.000000                 0.000000                 0.000000                 0.000000     
           -9.902010                 0.000000                 0.000000                 0.000000                 0.000000     
           -9.786432                 0.000000                 0.000000                 0.000000                 0.000000     
           -9.670854                 0.000000                 0.000000                 0.000000                 0.000000     
           -9.555276                 0.000000                 0.000000                 0.000000                 0.000000     
           -9.439698                 0.000000                 0.000000                 0.000000                 0.000000     
           -9.324121                 0.000087                 0.000000                 0.000000                 0.000000     
           -9.208543                 0.000000                 0.000000                 0.000000                 0.000000     
           -9.092965                 0.000000                 0.000000                 0.000000                 0.000000     
           -8.977387                 0.000000                 0.000000                 0.000087                 0.000000     
           -8.861809                 0.000087                 0.000000                 0.000087                 0.000000     
           -8.746231                 0.000000                 0.000000                 0.000000                 0.000000     
           -8.630653                 0.000000                 0.000000                 0.000087                 0.000000     
           -8.515075                 0.000000                 0.000087                 0.000000                 0.000000     
           -8.399497                 0.000000                 0.000000                 0.000000                 0.000000     
           -8.283920                 0.000000                 0.000087                 0.000087                 0.000000     
           -8.168342                 0.000000                 0.000000                 0.000000                 0.000000     
           -8.052764                 0.000087                 0.000000                 0.000000                 0.000000     
           -7.937186                 0.000087                 0.000000                 0.000000                 0.000000     
           -7.821608                 0.000000                 0.000087                 0.000000                 0.000000     
           -7.706030                 0.000000                 0.000000                 0.000000                 0.000000     
           -7.590452                 0.000087                 0.000173                 0.000000                 0.000000     
           -7.474874                 0.000087                 0.000000                 0.000000                 0.000000     
           -7.359296                 0.000260                 0.000000                 0.000087                 0.000000     
           -7.243719                 0.000087                 0.000000                 0.000173                 0.000000     
           -7.128141                 0.000000                 0.000000                 0.000000                 0.000000     
           -7.012563                 0.000260                 0.000087                 0.000000                 0.000000     
           -6.896985                 0.000173                 0.000000                 0.000087                 0.000000     
           -6.781407                 0.000087                 0.000087                 0.000260                 0.000000     
           -6.665829                 0.000000                 0.000087                 0.000000                 0.000000     
           -6.550251                 0.000260                 0.000087                 0.000000                 0.000000     
           -6.434673                 0.000000                 0.000087                 0.000173                 0.000000     
           -6.319095                 0.000433                 0.000260                 0.000173                 0.000000     
           -6.203518                 0.000606                 0.000000                 0.000433                 0.000000     
           -6.087940                 0.000173                 0.000346                 0.000433                 0.000000     
           -5.972362                 0.000173                 0.000260                 0.000346                 0.000000     
           -5.856784                 0.000000                 0.000260                 0.000346                 0.000000     
           -5.741206                 0.001038                 0.000519                 0.000260                 0.000000     
           -5.625628                 0.000346                 0.000346                 0.000606                 0.000000     
           -5.510050                 0.000692                 0.000260                 0.000779                 0.000000     
           -5.394472                 0.000865                 0.000346                 0.000519                 0.000000     
           -5.278894                 0.000519                 0.000606                 0.001211                 0.000000     
           -5.163317                 0.000519                 0.000692                 0.000779                 0.000001     
           -5.047739                 0.000865                 0.001211                 0.001298                 0.000001     
           -4.932161                 0.001298                 0.001125                 0.001211                 0.000002     
           -4.816583                 0.001384                 0.000606                 0.002077                 0.000004     
           -4.701005                 0.001384                 0.001298                 0.001471                 0.000006     
           -4.585427                 0.001384                 0.001817                 0.001298                 0.000011     
           -4.469849                 0.001990                 0.001125                 0.002250                 0.000018     
           -4.354271                 0.001903                 0.001817                 0.001903                 0.000030     
           -4.238693                 0.002423                 0.001557                 0.002596                 0.000050     
           -4.123116                 0.002855                 0.002682                 0.002682                 0.000081     
           -4.007538                 0.002769                 0.002250                 0.004672                 0.000130     
           -3.891960                 0.005191                 0.003374                 0.004240                 0.000205     
           -3.776382                 0.004845                 0.003634                 0.005191                 0.000319     
           -3.660804                 0.005537                 0.004067                 0.004586                 0.000491     
           -3.545226                 0.005797                 0.004586                 0.003893                 0.000744     
           -3.429648                 0.006749                 0.004845                 0.008912                 0.001114     
           -3.314070                 0.009171                 0.007354                 0.007354                 0.001644     
           -3.198492                 0.011161                 0.008652                 0.010296                 0.002396     
           -3.082915                 0.012373                 0.009085                 0.010729                 0.003444     
           -2.967337                 0.014190                 0.011594                 0.011334                 0.004886     
           -2.851759                 0.014363                 0.012719                 0.014363                 0.006838     
           -2.736181                 0.016180                 0.015055                 0.015228                 0.009445     
           -2.620603                 0.017564                 0.016612                 0.019900                 0.012872     
           -2.505025                 0.022063                 0.016785                 0.019900                 0.017309     
           -2.389447                 0.024140                 0.023361                 0.022928                 0.022968     
           -2.273869                 0.026995                 0.023620                 0.028033                 0.030071     
           -2.158291                 0.032792                 0.030975                 0.034609                 0.038850     
           -2.042714                 0.036599                 0.032705                 0.042482                 0.049525     
           -1.927136                 0.038848                 0.036080                 0.041617                 0.062296     
           -1.811558                 0.047414                 0.042050                 0.047673                 0.077319     
           -1.695980                 0.058143                 0.048539                 0.057191                 0.094693     
           -1.580402                 0.063507                 0.056153                 0.063940                 0.114432     
           -1.464824                 0.070429                 0.066362                 0.075187                 0.136450     
           -1.349246                 0.077437                 0.079773                 0.086262                 0.160547     
           -1.233668                 0.101750                 0.086608                 0.093011                 0.186391     
           -1.118090                 0.110402                 0.102961                 0.110142                 0.213525     
           -1.002513                 0.134541                 0.123034                 0.132205                 0.241363     
           -0.886935                 0.148385                 0.145097                 0.145270                 0.269210     
           -0.771357                 0.172178                 0.164564                 0.167420                 0.296285     
           -0.655779                 0.196837                 0.198481                 0.202807                 0.321756     
           -0.540201                 0.231100                 0.238973                 0.230061                 0.344781     
           -0.424623                 0.279206                 0.290107                 0.278946                 0.364550     
           -0.309045                 0.334839                 0.383897                 0.325235                 0.380339     
           -0.193467                 0.396789                 2.374157                 0.401980                 0.391546     
           -0.077889                 0.557892                 0.617765                 0.553739                 0.397734     
            0.037688                 2.428319                 0.452595                 2.422522                 0.398659     
            0.153266                 0.438492                 0.389088                 0.440915                 0.394284     
            0.268844                 0.346779                 0.319611                 0.352922                 0.384782     
            0.384422                 0.288290                 0.275745                 0.292617                 0.370527     
            0.500000                 0.249096                 0.238540                 0.246414                 0.352065     
            0.615578                 0.213536                 0.212238                 0.211027                 0.330084     
            0.731156                 0.173995                 0.176504                 0.176850                 0.305369     
            0.846734                 0.156085                 0.159027                 0.160844                 0.278756     
            0.962312                 0.136704                 0.144145                 0.135580                 0.251086     
            1.077889                 0.114987                 0.119054                 0.121130                 0.223161     
            1.193467                 0.105816                 0.108152                 0.101490                 0.195710     
            1.309045                 0.082715                 0.091540                 0.091453                 0.169358     
            1.424623                 0.079513                 0.082628                 0.076312                 0.144610     
            1.540201                 0.069996                 0.068352                 0.061430                 0.121840     
            1.655779                 0.057364                 0.063940                 0.058143                 0.101293     
            1.771357                 0.049231                 0.051134                 0.050183                 0.083093     
            1.886935                 0.043174                 0.047587                 0.041617                 0.067259     
            2.002513                 0.036858                 0.043520                 0.035993                 0.053720     
            2.118090                 0.034609                 0.033917                 0.035041                 0.042337     
            2.233668                 0.029417                 0.032792                 0.029677                 0.032923     
            2.349246                 0.026908                 0.028725                 0.025351                 0.025263     
            2.464824                 0.021977                 0.028293                 0.020852                 0.019128     
            2.580402                 0.019987                 0.022323                 0.017477                 0.014290     
            2.695980                 0.017218                 0.019381                 0.019554                 0.010535     
            2.811558                 0.016180                 0.016180                 0.015487                 0.007663     
            2.927136                 0.013843                 0.016872                 0.014276                 0.005500     
            3.042714                 0.009950                 0.014882                 0.010210                 0.003895     
            3.158291                 0.011507                 0.012632                 0.009863                 0.002722     
            3.273869                 0.008220                 0.009604                 0.009085                 0.001877     
            3.389447                 0.006749                 0.008306                 0.007268                 0.001277     
            3.505025                 0.006749                 0.007960                 0.006835                 0.000857     
            3.620603                 0.006403                 0.007614                 0.006143                 0.000568     
            3.736181                 0.005105                 0.005624                 0.005451                 0.000371     
            3.851759                 0.004326                 0.004586                 0.005191                 0.000239     
            3.967337                 0.003807                 0.004499                 0.004586                 0.000152     
            4.082915                 0.004240                 0.003201                 0.003807                 0.000096     
            4.198492                 0.002942                 0.003288                 0.003374                 0.000059     
            4.314070                 0.002682                 0.003028                 0.003115                 0.000036     
            4.429648                 0.001730                 0.002682                 0.001990                 0.000022     
            4.545226                 0.002250                 0.002336                 0.001211                 0.000013     
            4.660804                 0.002163                 0.002163                 0.001817                 0.000008     
            4.776382                 0.001817                 0.002163                 0.001125                 0.000004     
            4.891960                 0.000606                 0.001384                 0.001557                 0.000003     
            5.007538                 0.000952                 0.001211                 0.000952                 0.000001     
            5.123116                 0.001471                 0.001125                 0.001125                 0.000001     
            5.238693                 0.001038                 0.001298                 0.000692                 0.000000     
            5.354271                 0.001038                 0.001038                 0.000779                 0.000000     
            5.469849                 0.000346                 0.000519                 0.000952                 0.000000     
            5.585427                 0.000519                 0.000952                 0.000606                 0.000000     
            5.701005                 0.000433                 0.000952                 0.000433                 0.000000     
            5.816583                 0.000260                 0.000346                 0.000606                 0.000000     
            5.932161                 0.000260                 0.000519                 0.000519                 0.000000     
            6.047739                 0.000519                 0.000260                 0.000346                 0.000000     
            6.163317                 0.000519                 0.000346                 0.000346                 0.000000     
            6.278894                 0.000087                 0.000260                 0.000260                 0.000000     
            6.394472                 0.000346                 0.000000                 0.000260                 0.000000     
            6.510050                 0.000433                 0.000173                 0.000260                 0.000000     
            6.625628                 0.000173                 0.000260                 0.000000                 0.000000     
            6.741206                 0.000260                 0.000173                 0.000000                 0.000000     
            6.856784                 0.000087                 0.000173                 0.000260                 0.000000     
            6.972362                 0.000000                 0.000173                 0.000260                 0.000000     
            7.087940                 0.000173                 0.000000                 0.000087                 0.000000     
            7.203518                 0.000000                 0.000087                 0.000087                 0.000000     
            7.319095                 0.000087                 0.000000                 0.000087                 0.000000     
            7.434673                 0.000087                 0.000000                 0.000000                 0.000000     
            7.550251                 0.000000                 0.000087                 0.000000                 0.000000     
            7.665829                 0.000000                 0.000000                 0.000000                 0.000000     
            7.781407                 0.000000                 0.000087                 0.000000                 0.000000     
            7.896985                 0.000000                 0.000000                 0.000000                 0.000000     
            8.012563                 0.000000                 0.000087                 0.000000                 0.000000     
            8.128141                 0.000000                 0.000000                 0.000087                 0.000000     
            8.243719                 0.000000                 0.000260                 0.000173                 0.000000     
            8.359296                 0.000000                 0.000000                 0.000000                 0.000000     
            8.474874                 0.000000                 0.000000                 0.000000                 0.000000     
            8.590452                 0.000000                 0.000000                 0.000000                 0.000000     
            8.706030                 0.000000                 0.000000                 0.000000                 0.000000     
            8.821608                 0.000000                 0.000000                 0.000000                 0.000000     
            8.937186                 0.000000                 0.000000                 0.000000                 0.000000     
            9.052764                 0.000000                 0.000000                 0.000000                 0.000000     
            9.168342                 0.000000                 0.000000                 0.000000                 0.000000     
            9.283920                 0.000000                 0.000000                 0.000000                 0.000000     
            9.399497                 0.000000                 0.000000                 0.000000                 0.000000     
            9.515075                 0.000000                 0.000000                 0.000000                 0.000000     
            9.630653                 0.000000                 0.000000                 0.000000                 0.000000     
            9.746231                 0.000000                 0.000000                 0.000000                 0.000000     
            9.861809                 0.000000                 0.000000                 0.000087                 0.000000     
            9.977387                 0.000000                 0.000000                 0.000000                 0.000000     
           10.092965                 0.000000                 0.000087                 0.000000                 0.000000     
           10.208543                 0.000000                 0.000000                 0.000000                 0.000000     
           10.324121                 0.000000                 0.000000                 0.000000                 0.000000     
           10.439698                 0.000000                 0.000000                 0.000000                 0.000000     
           10.555276                 0.000087                 0.000000                 0.000000                 0.000000     
           10.670854                 0.000000                 0.000000                 0.000000                 0.000000     
           10.786432                 0.000000                 0.000000                 0.000000                 0.000000     
           10.902010                 0.000000                 0.000000                 0.000000                 0.000000     
           11.017588                 0.000000                 0.000000                 0.000000                 0.000000     
           11.133166                 0.000000                 0.000000                 0.000000                 0.000000     
           11.248744                 0.000000                 0.000000                 0.000000                 0.000000     
           11.364322                 0.000000                 0.000000                 0.000000                 0.000000     
           11.479899                 0.000000                 0.000000                 0.000000                 0.000000     
           11.595477                 0.000000                 0.000000                 0.000000                 0.000000     
           11.711055                 0.000000                 0.000000                 0.000000                 0.000000     
           11.826633                 0.000000                 0.000000                 0.000000                 0.000000     
           11.942211                 0.000000                 0.000000                 0.000000                 0.000000     
           12.057789                 0.000000                 0.000000                 0.000000                 0.000000     
